12.0,12.0, 15.000000, 0.732000, 1.000000
12.0,37.0, 15.000000, 0.732000, 1.000000
12.0,62.0, 15.000000, 0.732000, 1.000000
12.0,87.0, 15.000000, 0.732000, 1.000000
12.0,112.0, 15.000000, 0.732000, 1.000000
12.0,137.0, 15.000000, 0.732000, 1.000000
12.0,162.0, 15.000000, 0.732000, 1.000000
12.0,187.0, 15.000000, 0.732000, 1.000000
12.0,212.0, 15.000000, 0.732000, 1.000000
12.0,237.0, 15.000000, 0.732000, 1.000000
12.0,262.0, 15.000000, 0.732000, 1.000000
12.0,287.0, 15.000000, 0.732000, 1.000000
12.0,312.0, 15.000000, 0.732000, 1.000000
12.0,337.0, 15.000000, 0.732000, 1.000000
12.0,362.0, 15.000000, 0.732000, 1.000000
12.0,387.0, 15.000000, 0.732000, 1.000000
12.0,412.0, 15.000000, 0.732000, 1.000000
12.0,437.0, 15.000000, 0.732000, 1.000000
12.0,462.0, 15.000000, 0.732000, 1.000000
12.0,487.0, 15.000000, 0.732000, 1.000000
12.0,512.0, 15.000000, 0.732000, 1.000000
12.0,537.0, 15.000000, 0.732000, 1.000000
12.0,562.0, 15.000000, 0.732000, 1.000000
12.0,587.0, 15.000000, 0.732000, 1.000000
12.0,612.0, 15.000000, 0.732000, 1.000000
12.0,637.0, 15.000000, 0.732000, 1.000000
12.0,662.0, 15.000000, 0.732000, 1.000000
12.0,687.0, 15.000000, 0.732000, 1.000000
12.0,712.0, 15.000000, 0.732000, 1.000000
12.0,737.0, 15.000000, 0.732000, 1.000000
12.0,762.0, 15.000000, 0.732000, 1.000000
12.0,787.0, 15.000000, 0.732000, 1.000000
12.0,812.0, 15.000000, 0.732000, 1.000000
12.0,837.0, 15.000000, 0.732000, 1.000000
12.0,862.0, 15.000000, 0.732000, 1.000000
12.0,887.0, 15.000000, 0.732000, 1.000000
12.0,912.0, 15.000000, 0.732000, 1.000000
12.0,937.0, 15.000000, 0.732000, 1.000000
12.0,962.0, 15.000000, 0.732000, 1.000000
12.0,987.0, 15.000000, 0.732000, 1.000000
37.0,12.0, 15.000000, 0.732000, 1.000000
37.0,37.0, 15.000000, 0.732000, 1.000000
37.0,62.0, 15.000000, 0.732000, 1.000000
37.0,87.0, 15.000000, 0.732000, 1.000000
37.0,112.0, 15.000000, 0.732000, 1.000000
37.0,137.0, 15.000000, 0.732000, 1.000000
37.0,162.0, 15.000000, 0.732000, 1.000000
37.0,187.0, 15.000000, 0.732000, 1.000000
37.0,212.0, 15.000000, 0.732000, 1.000000
37.0,237.0, 15.000000, 0.732000, 1.000000
37.0,262.0, 15.000000, 0.732000, 1.000000
37.0,287.0, 15.000000, 0.732000, 1.000000
37.0,312.0, 15.000000, 0.732000, 1.000000
37.0,337.0, 15.000000, 0.732000, 1.000000
37.0,362.0, 15.000000, 0.732000, 1.000000
37.0,387.0, 15.000000, 0.732000, 1.000000
37.0,412.0, 15.000000, 0.732000, 1.000000
37.0,437.0, 15.000000, 0.732000, 1.000000
37.0,462.0, 15.000000, 0.732000, 1.000000
37.0,487.0, 15.000000, 0.732000, 1.000000
37.0,512.0, 15.000000, 0.732000, 1.000000
37.0,537.0, 15.000000, 0.732000, 1.000000
37.0,562.0, 15.000000, 0.732000, 1.000000
37.0,587.0, 15.000000, 0.732000, 1.000000
37.0,612.0, 15.000000, 0.732000, 1.000000
37.0,637.0, 15.000000, 0.732000, 1.000000
37.0,662.0, 15.000000, 0.732000, 1.000000
37.0,687.0, 15.000000, 0.732000, 1.000000
37.0,712.0, 15.000000, 0.732000, 1.000000
37.0,737.0, 15.000000, 0.732000, 1.000000
37.0,762.0, 15.000000, 0.732000, 1.000000
37.0,787.0, 15.000000, 0.732000, 1.000000
37.0,812.0, 15.000000, 0.732000, 1.000000
37.0,837.0, 15.000000, 0.732000, 1.000000
37.0,862.0, 15.000000, 0.732000, 1.000000
37.0,887.0, 15.000000, 0.732000, 1.000000
37.0,912.0, 15.000000, 0.732000, 1.000000
37.0,937.0, 15.000000, 0.732000, 1.000000
37.0,962.0, 15.000000, 0.732000, 1.000000
37.0,987.0, 15.000000, 0.732000, 1.000000
62.0,12.0, 15.000000, 0.732000, 1.000000
62.0,37.0, 15.000000, 0.732000, 1.000000
62.0,62.0, 15.000000, 0.732000, 1.000000
62.0,87.0, 15.000000, 0.732000, 1.000000
62.0,112.0, 15.000000, 0.732000, 1.000000
62.0,137.0, 15.000000, 0.732000, 1.000000
62.0,162.0, 15.000000, 0.732000, 1.000000
62.0,187.0, 15.000000, 0.732000, 1.000000
62.0,212.0, 15.000000, 0.732000, 1.000000
62.0,237.0, 15.000000, 0.732000, 1.000000
62.0,262.0, 15.000000, 0.732000, 1.000000
62.0,287.0, 15.000000, 0.732000, 1.000000
62.0,312.0, 15.000000, 0.732000, 1.000000
62.0,337.0, 15.000000, 0.732000, 1.000000
62.0,362.0, 15.000000, 0.732000, 1.000000
62.0,387.0, 15.000000, 0.732000, 1.000000
62.0,412.0, 15.000000, 0.732000, 1.000000
62.0,437.0, 15.000000, 0.732000, 1.000000
62.0,462.0, 15.000000, 0.732000, 1.000000
62.0,487.0, 15.000000, 0.732000, 1.000000
62.0,512.0, 15.000000, 0.732000, 1.000000
62.0,537.0, 15.000000, 0.732000, 1.000000
62.0,562.0, 15.000000, 0.732000, 1.000000
62.0,587.0, 15.000000, 0.732000, 1.000000
62.0,612.0, 15.000000, 0.732000, 1.000000
62.0,637.0, 15.000000, 0.732000, 1.000000
62.0,662.0, 15.000000, 0.732000, 1.000000
62.0,687.0, 15.000000, 0.732000, 1.000000
62.0,712.0, 15.000000, 0.732000, 1.000000
62.0,737.0, 15.000000, 0.732000, 1.000000
62.0,762.0, 15.000000, 0.732000, 1.000000
62.0,787.0, 15.000000, 0.732000, 1.000000
62.0,812.0, 15.000000, 0.732000, 1.000000
62.0,837.0, 15.000000, 0.732000, 1.000000
62.0,862.0, 15.000000, 0.732000, 1.000000
62.0,887.0, 15.000000, 0.732000, 1.000000
62.0,912.0, 15.000000, 0.732000, 1.000000
62.0,937.0, 15.000000, 0.732000, 1.000000
62.0,962.0, 15.000000, 0.732000, 1.000000
62.0,987.0, 15.000000, 0.732000, 1.000000
87.0,12.0, 15.000000, 0.732000, 1.000000
87.0,37.0, 15.000000, 0.732000, 1.000000
87.0,62.0, 15.000000, 0.732000, 1.000000
87.0,87.0, 15.000000, 0.732000, 1.000000
87.0,112.0, 15.000000, 0.732000, 1.000000
87.0,137.0, 15.000000, 0.732000, 1.000000
87.0,162.0, 15.000000, 0.732000, 1.000000
87.0,187.0, 15.000000, 0.732000, 1.000000
87.0,212.0, 15.000000, 0.732000, 1.000000
87.0,237.0, 15.000000, 0.732000, 1.000000
87.0,262.0, 15.000000, 0.732000, 1.000000
87.0,287.0, 15.000000, 0.732000, 1.000000
87.0,312.0, 15.000000, 0.732000, 1.000000
87.0,337.0, 15.000000, 0.732000, 1.000000
87.0,362.0, 15.000000, 0.732000, 1.000000
87.0,387.0, 15.000000, 0.732000, 1.000000
87.0,412.0, 15.000000, 0.732000, 1.000000
87.0,437.0, 15.000000, 0.732000, 1.000000
87.0,462.0, 15.000000, 0.732000, 1.000000
87.0,487.0, 15.000000, 0.732000, 1.000000
87.0,512.0, 15.000000, 0.732000, 1.000000
87.0,537.0, 15.000000, 0.732000, 1.000000
87.0,562.0, 15.000000, 0.732000, 1.000000
87.0,587.0, 15.000000, 0.732000, 1.000000
87.0,612.0, 15.000000, 0.732000, 1.000000
87.0,637.0, 15.000000, 0.732000, 1.000000
87.0,662.0, 15.000000, 0.732000, 1.000000
87.0,687.0, 15.000000, 0.732000, 1.000000
87.0,712.0, 15.000000, 0.732000, 1.000000
87.0,737.0, 15.000000, 0.732000, 1.000000
87.0,762.0, 15.000000, 0.732000, 1.000000
87.0,787.0, 15.000000, 0.732000, 1.000000
87.0,812.0, 15.000000, 0.732000, 1.000000
87.0,837.0, 15.000000, 0.732000, 1.000000
87.0,862.0, 15.000000, 0.732000, 1.000000
87.0,887.0, 15.000000, 0.732000, 1.000000
87.0,912.0, 15.000000, 0.732000, 1.000000
87.0,937.0, 15.000000, 0.732000, 1.000000
87.0,962.0, 15.000000, 0.732000, 1.000000
87.0,987.0, 15.000000, 0.732000, 1.000000
112.0,12.0, 15.000000, 0.732000, 1.000000
112.0,37.0, 15.000000, 0.732000, 1.000000
112.0,62.0, 15.000000, 0.732000, 1.000000
112.0,87.0, 15.000000, 0.732000, 1.000000
112.0,112.0, 15.000000, 0.732000, 1.000000
112.0,137.0, 15.000000, 0.732000, 1.000000
112.0,162.0, 15.000000, 0.732000, 1.000000
112.0,187.0, 15.000000, 0.732000, 1.000000
112.0,212.0, 15.000000, 0.732000, 1.000000
112.0,237.0, 15.000000, 0.732000, 1.000000
112.0,262.0, 15.000000, 0.732000, 1.000000
112.0,287.0, 15.000000, 0.732000, 1.000000
112.0,312.0, 15.000000, 0.732000, 1.000000
112.0,337.0, 15.000000, 0.732000, 1.000000
112.0,362.0, 15.000000, 0.732000, 1.000000
112.0,387.0, 15.000000, 0.732000, 1.000000
112.0,412.0, 15.000000, 0.732000, 1.000000
112.0,437.0, 15.000000, 0.732000, 1.000000
112.0,462.0, 15.000000, 0.732000, 1.000000
112.0,487.0, 15.000000, 0.732000, 1.000000
112.0,512.0, 15.000000, 0.732000, 1.000000
112.0,537.0, 15.000000, 0.732000, 1.000000
112.0,562.0, 15.000000, 0.732000, 1.000000
112.0,587.0, 15.000000, 0.732000, 1.000000
112.0,612.0, 15.000000, 0.732000, 1.000000
112.0,637.0, 15.000000, 0.732000, 1.000000
112.0,662.0, 15.000000, 0.732000, 1.000000
112.0,687.0, 15.000000, 0.732000, 1.000000
112.0,712.0, 15.000000, 0.732000, 1.000000
112.0,737.0, 15.000000, 0.732000, 1.000000
112.0,762.0, 15.000000, 0.732000, 1.000000
112.0,787.0, 15.000000, 0.732000, 1.000000
112.0,812.0, 15.000000, 0.732000, 1.000000
112.0,837.0, 15.000000, 0.732000, 1.000000
112.0,862.0, 15.000000, 0.732000, 1.000000
112.0,887.0, 15.000000, 0.732000, 1.000000
112.0,912.0, 15.000000, 0.732000, 1.000000
112.0,937.0, 15.000000, 0.732000, 1.000000
112.0,962.0, 15.000000, 0.732000, 1.000000
112.0,987.0, 15.000000, 0.732000, 1.000000
137.0,12.0, 15.000000, 0.732000, 1.000000
137.0,37.0, 15.000000, 0.732000, 1.000000
137.0,62.0, 15.000000, 0.732000, 1.000000
137.0,87.0, 15.000000, 0.732000, 1.000000
137.0,112.0, 15.000000, 0.732000, 1.000000
137.0,137.0, 15.000000, 0.732000, 1.000000
137.0,162.0, 15.000000, 0.732000, 1.000000
137.0,187.0, 15.000000, 0.732000, 1.000000
137.0,212.0, 15.000000, 0.732000, 1.000000
137.0,237.0, 15.000000, 0.732000, 1.000000
137.0,262.0, 15.000000, 0.732000, 1.000000
137.0,287.0, 15.000000, 0.732000, 1.000000
137.0,312.0, 15.000000, 0.732000, 1.000000
137.0,337.0, 15.000000, 0.732000, 1.000000
137.0,362.0, 15.000000, 0.732000, 1.000000
137.0,387.0, 15.000000, 0.732000, 1.000000
137.0,412.0, 15.000000, 0.732000, 1.000000
137.0,437.0, 15.000000, 0.732000, 1.000000
137.0,462.0, 15.000000, 0.732000, 1.000000
137.0,487.0, 15.000000, 0.732000, 1.000000
137.0,512.0, 15.000000, 0.732000, 1.000000
137.0,537.0, 15.000000, 0.732000, 1.000000
137.0,562.0, 15.000000, 0.732000, 1.000000
137.0,587.0, 15.000000, 0.732000, 1.000000
137.0,612.0, 15.000000, 0.732000, 1.000000
137.0,637.0, 15.000000, 0.732000, 1.000000
137.0,662.0, 15.000000, 0.732000, 1.000000
137.0,687.0, 15.000000, 0.732000, 1.000000
137.0,712.0, 15.000000, 0.732000, 1.000000
137.0,737.0, 15.000000, 0.732000, 1.000000
137.0,762.0, 15.000000, 0.732000, 1.000000
137.0,787.0, 15.000000, 0.732000, 1.000000
137.0,812.0, 15.000000, 0.732000, 1.000000
137.0,837.0, 15.000000, 0.732000, 1.000000
137.0,862.0, 15.000000, 0.732000, 1.000000
137.0,887.0, 15.000000, 0.732000, 1.000000
137.0,912.0, 15.000000, 0.732000, 1.000000
137.0,937.0, 15.000000, 0.732000, 1.000000
137.0,962.0, 15.000000, 0.732000, 1.000000
137.0,987.0, 15.000000, 0.732000, 1.000000
162.0,12.0, 15.000000, 0.732000, 1.000000
162.0,37.0, 15.000000, 0.732000, 1.000000
162.0,62.0, 15.000000, 0.732000, 1.000000
162.0,87.0, 15.000000, 0.732000, 1.000000
162.0,112.0, 15.000000, 0.732000, 1.000000
162.0,137.0, 15.000000, 0.732000, 1.000000
162.0,162.0, 15.000000, 0.732000, 1.000000
162.0,187.0, 15.000000, 0.732000, 1.000000
162.0,212.0, 15.000000, 0.732000, 1.000000
162.0,237.0, 15.000000, 0.732000, 1.000000
162.0,262.0, 15.000000, 0.732000, 1.000000
162.0,287.0, 15.000000, 0.732000, 1.000000
162.0,312.0, 15.000000, 0.732000, 1.000000
162.0,337.0, 15.000000, 0.732000, 1.000000
162.0,362.0, 15.000000, 0.732000, 1.000000
162.0,387.0, 15.000000, 0.732000, 1.000000
162.0,412.0, 15.000000, 0.732000, 1.000000
162.0,437.0, 15.000000, 0.732000, 1.000000
162.0,462.0, 15.000000, 0.732000, 1.000000
162.0,487.0, 15.000000, 0.732000, 1.000000
162.0,512.0, 15.000000, 0.732000, 1.000000
162.0,537.0, 15.000000, 0.732000, 1.000000
162.0,562.0, 15.000000, 0.732000, 1.000000
162.0,587.0, 15.000000, 0.732000, 1.000000
162.0,612.0, 15.000000, 0.732000, 1.000000
162.0,637.0, 15.000000, 0.732000, 1.000000
162.0,662.0, 15.000000, 0.732000, 1.000000
162.0,687.0, 15.000000, 0.732000, 1.000000
162.0,712.0, 15.000000, 0.732000, 1.000000
162.0,737.0, 15.000000, 0.732000, 1.000000
162.0,762.0, 15.000000, 0.732000, 1.000000
162.0,787.0, 15.000000, 0.732000, 1.000000
162.0,812.0, 15.000000, 0.732000, 1.000000
162.0,837.0, 15.000000, 0.732000, 1.000000
162.0,862.0, 15.000000, 0.732000, 1.000000
162.0,887.0, 15.000000, 0.732000, 1.000000
162.0,912.0, 15.000000, 0.732000, 1.000000
162.0,937.0, 15.000000, 0.732000, 1.000000
162.0,962.0, 15.000000, 0.732000, 1.000000
162.0,987.0, 15.000000, 0.732000, 1.000000
187.0,12.0, 15.000000, 0.732000, 1.000000
187.0,37.0, 15.000000, 0.732000, 1.000000
187.0,62.0, 15.000000, 0.732000, 1.000000
187.0,87.0, 15.000000, 0.732000, 1.000000
187.0,112.0, 15.000000, 0.732000, 1.000000
187.0,137.0, 15.000000, 0.732000, 1.000000
187.0,162.0, 15.000000, 0.732000, 1.000000
187.0,187.0, 15.000000, 0.732000, 1.000000
187.0,212.0, 15.000000, 0.732000, 1.000000
187.0,237.0, 15.000000, 0.732000, 1.000000
187.0,262.0, 15.000000, 0.732000, 1.000000
187.0,287.0, 15.000000, 0.732000, 1.000000
187.0,312.0, 15.000000, 0.732000, 1.000000
187.0,337.0, 15.000000, 0.732000, 1.000000
187.0,362.0, 15.000000, 0.732000, 1.000000
187.0,387.0, 15.000000, 0.732000, 1.000000
187.0,412.0, 15.000000, 0.732000, 1.000000
187.0,437.0, 15.000000, 0.732000, 1.000000
187.0,462.0, 15.000000, 0.732000, 1.000000
187.0,487.0, 15.000000, 0.732000, 1.000000
187.0,512.0, 15.000000, 0.732000, 1.000000
187.0,537.0, 15.000000, 0.732000, 1.000000
187.0,562.0, 15.000000, 0.732000, 1.000000
187.0,587.0, 15.000000, 0.732000, 1.000000
187.0,612.0, 15.000000, 0.732000, 1.000000
187.0,637.0, 15.000000, 0.732000, 1.000000
187.0,662.0, 15.000000, 0.732000, 1.000000
187.0,687.0, 15.000000, 0.732000, 1.000000
187.0,712.0, 15.000000, 0.732000, 1.000000
187.0,737.0, 15.000000, 0.732000, 1.000000
187.0,762.0, 15.000000, 0.732000, 1.000000
187.0,787.0, 15.000000, 0.732000, 1.000000
187.0,812.0, 15.000000, 0.732000, 1.000000
187.0,837.0, 15.000000, 0.732000, 1.000000
187.0,862.0, 15.000000, 0.732000, 1.000000
187.0,887.0, 15.000000, 0.732000, 1.000000
187.0,912.0, 15.000000, 0.732000, 1.000000
187.0,937.0, 15.000000, 0.732000, 1.000000
187.0,962.0, 15.000000, 0.732000, 1.000000
187.0,987.0, 15.000000, 0.732000, 1.000000
212.0,12.0, 15.000000, 0.732000, 1.000000
212.0,37.0, 15.000000, 0.732000, 1.000000
212.0,62.0, 15.000000, 0.732000, 1.000000
212.0,87.0, 15.000000, 0.732000, 1.000000
212.0,112.0, 15.000000, 0.732000, 1.000000
212.0,137.0, 15.000000, 0.732000, 1.000000
212.0,162.0, 15.000000, 0.732000, 1.000000
212.0,187.0, 15.000000, 0.732000, 1.000000
212.0,212.0, 15.000000, 0.732000, 1.000000
212.0,237.0, 15.000000, 0.732000, 1.000000
212.0,262.0, 15.000000, 0.732000, 1.000000
212.0,287.0, 15.000000, 0.732000, 1.000000
212.0,312.0, 15.000000, 0.732000, 1.000000
212.0,337.0, 15.000000, 0.732000, 1.000000
212.0,362.0, 15.000000, 0.732000, 1.000000
212.0,387.0, 15.000000, 0.732000, 1.000000
212.0,412.0, 15.000000, 0.732000, 1.000000
212.0,437.0, 15.000000, 0.732000, 1.000000
212.0,462.0, 15.000000, 0.732000, 1.000000
212.0,487.0, 15.000000, 0.732000, 1.000000
212.0,512.0, 15.000000, 0.732000, 1.000000
212.0,537.0, 15.000000, 0.732000, 1.000000
212.0,562.0, 15.000000, 0.732000, 1.000000
212.0,587.0, 15.000000, 0.732000, 1.000000
212.0,612.0, 15.000000, 0.732000, 1.000000
212.0,637.0, 15.000000, 0.732000, 1.000000
212.0,662.0, 15.000000, 0.732000, 1.000000
212.0,687.0, 15.000000, 0.732000, 1.000000
212.0,712.0, 15.000000, 0.732000, 1.000000
212.0,737.0, 15.000000, 0.732000, 1.000000
212.0,762.0, 15.000000, 0.732000, 1.000000
212.0,787.0, 15.000000, 0.732000, 1.000000
212.0,812.0, 15.000000, 0.732000, 1.000000
212.0,837.0, 15.000000, 0.732000, 1.000000
212.0,862.0, 15.000000, 0.732000, 1.000000
212.0,887.0, 15.000000, 0.732000, 1.000000
212.0,912.0, 15.000000, 0.732000, 1.000000
212.0,937.0, 15.000000, 0.732000, 1.000000
212.0,962.0, 15.000000, 0.732000, 1.000000
212.0,987.0, 15.000000, 0.732000, 1.000000
237.0,12.0, 15.000000, 0.732000, 1.000000
237.0,37.0, 15.000000, 0.732000, 1.000000
237.0,62.0, 15.000000, 0.732000, 1.000000
237.0,87.0, 15.000000, 0.732000, 1.000000
237.0,112.0, 15.000000, 0.732000, 1.000000
237.0,137.0, 15.000000, 0.732000, 1.000000
237.0,162.0, 15.000000, 0.732000, 1.000000
237.0,187.0, 15.000000, 0.732000, 1.000000
237.0,212.0, 15.000000, 0.732000, 1.000000
237.0,237.0, 15.000000, 0.732000, 1.000000
237.0,262.0, 15.000000, 0.732000, 1.000000
237.0,287.0, 15.000000, 0.732000, 1.000000
237.0,312.0, 15.000000, 0.732000, 1.000000
237.0,337.0, 15.000000, 0.732000, 1.000000
237.0,362.0, 15.000000, 0.732000, 1.000000
237.0,387.0, 15.000000, 0.732000, 1.000000
237.0,412.0, 15.000000, 0.732000, 1.000000
237.0,437.0, 15.000000, 0.732000, 1.000000
237.0,462.0, 15.000000, 0.732000, 1.000000
237.0,487.0, 15.000000, 0.732000, 1.000000
237.0,512.0, 15.000000, 0.732000, 1.000000
237.0,537.0, 15.000000, 0.732000, 1.000000
237.0,562.0, 15.000000, 0.732000, 1.000000
237.0,587.0, 15.000000, 0.732000, 1.000000
237.0,612.0, 15.000000, 0.732000, 1.000000
237.0,637.0, 15.000000, 0.732000, 1.000000
237.0,662.0, 15.000000, 0.732000, 1.000000
237.0,687.0, 15.000000, 0.732000, 1.000000
237.0,712.0, 15.000000, 0.732000, 1.000000
237.0,737.0, 15.000000, 0.732000, 1.000000
237.0,762.0, 15.000000, 0.732000, 1.000000
237.0,787.0, 15.000000, 0.732000, 1.000000
237.0,812.0, 15.000000, 0.732000, 1.000000
237.0,837.0, 15.000000, 0.732000, 1.000000
237.0,862.0, 15.000000, 0.732000, 1.000000
237.0,887.0, 15.000000, 0.732000, 1.000000
237.0,912.0, 15.000000, 0.732000, 1.000000
237.0,937.0, 15.000000, 0.732000, 1.000000
237.0,962.0, 15.000000, 0.732000, 1.000000
237.0,987.0, 15.000000, 0.732000, 1.000000
262.0,12.0, 15.000000, 0.732000, 1.000000
262.0,37.0, 15.000000, 0.732000, 1.000000
262.0,62.0, 15.000000, 0.732000, 1.000000
262.0,87.0, 15.000000, 0.732000, 1.000000
262.0,112.0, 15.000000, 0.732000, 1.000000
262.0,137.0, 15.000000, 0.732000, 1.000000
262.0,162.0, 15.000000, 0.732000, 1.000000
262.0,187.0, 15.000000, 0.732000, 1.000000
262.0,212.0, 15.000000, 0.732000, 1.000000
262.0,237.0, 15.000000, 0.732000, 1.000000
262.0,262.0, 15.000000, 0.732000, 1.000000
262.0,287.0, 15.000000, 0.732000, 1.000000
262.0,312.0, 15.000000, 0.732000, 1.000000
262.0,337.0, 15.000000, 0.732000, 1.000000
262.0,362.0, 15.000000, 0.732000, 1.000000
262.0,387.0, 15.000000, 0.732000, 1.000000
262.0,412.0, 15.000000, 0.732000, 1.000000
262.0,437.0, 15.000000, 0.732000, 1.000000
262.0,462.0, 15.000000, 0.732000, 1.000000
262.0,487.0, 15.000000, 0.732000, 1.000000
262.0,512.0, 15.000000, 0.732000, 1.000000
262.0,537.0, 15.000000, 0.732000, 1.000000
262.0,562.0, 15.000000, 0.732000, 1.000000
262.0,587.0, 15.000000, 0.732000, 1.000000
262.0,612.0, 15.000000, 0.732000, 1.000000
262.0,637.0, 15.000000, 0.732000, 1.000000
262.0,662.0, 15.000000, 0.732000, 1.000000
262.0,687.0, 15.000000, 0.732000, 1.000000
262.0,712.0, 15.000000, 0.732000, 1.000000
262.0,737.0, 15.000000, 0.732000, 1.000000
262.0,762.0, 15.000000, 0.732000, 1.000000
262.0,787.0, 15.000000, 0.732000, 1.000000
262.0,812.0, 15.000000, 0.732000, 1.000000
262.0,837.0, 15.000000, 0.732000, 1.000000
262.0,862.0, 15.000000, 0.732000, 1.000000
262.0,887.0, 15.000000, 0.732000, 1.000000
262.0,912.0, 15.000000, 0.732000, 1.000000
262.0,937.0, 15.000000, 0.732000, 1.000000
262.0,962.0, 15.000000, 0.732000, 1.000000
262.0,987.0, 15.000000, 0.732000, 1.000000
287.0,12.0, 15.000000, 0.732000, 1.000000
287.0,37.0, 15.000000, 0.732000, 1.000000
287.0,62.0, 15.000000, 0.732000, 1.000000
287.0,87.0, 15.000000, 0.732000, 1.000000
287.0,112.0, 15.000000, 0.732000, 1.000000
287.0,137.0, 15.000000, 0.732000, 1.000000
287.0,162.0, 15.000000, 0.732000, 1.000000
287.0,187.0, 15.000000, 0.732000, 1.000000
287.0,212.0, 15.000000, 0.732000, 1.000000
287.0,237.0, 15.000000, 0.732000, 1.000000
287.0,262.0, 15.000000, 0.732000, 1.000000
287.0,287.0, 15.000000, 0.732000, 1.000000
287.0,312.0, 15.000000, 0.732000, 1.000000
287.0,337.0, 15.000000, 0.732000, 1.000000
287.0,362.0, 15.000000, 0.732000, 1.000000
287.0,387.0, 15.000000, 0.732000, 1.000000
287.0,412.0, 15.000000, 0.732000, 1.000000
287.0,437.0, 15.000000, 0.732000, 1.000000
287.0,462.0, 15.000000, 0.732000, 1.000000
287.0,487.0, 15.000000, 0.732000, 1.000000
287.0,512.0, 15.000000, 0.732000, 1.000000
287.0,537.0, 15.000000, 0.732000, 1.000000
287.0,562.0, 15.000000, 0.732000, 1.000000
287.0,587.0, 15.000000, 0.732000, 1.000000
287.0,612.0, 15.000000, 0.732000, 1.000000
287.0,637.0, 15.000000, 0.732000, 1.000000
287.0,662.0, 15.000000, 0.732000, 1.000000
287.0,687.0, 15.000000, 0.732000, 1.000000
287.0,712.0, 15.000000, 0.732000, 1.000000
287.0,737.0, 15.000000, 0.732000, 1.000000
287.0,762.0, 15.000000, 0.732000, 1.000000
287.0,787.0, 15.000000, 0.732000, 1.000000
287.0,812.0, 15.000000, 0.732000, 1.000000
287.0,837.0, 15.000000, 0.732000, 1.000000
287.0,862.0, 15.000000, 0.732000, 1.000000
287.0,887.0, 15.000000, 0.732000, 1.000000
287.0,912.0, 15.000000, 0.732000, 1.000000
287.0,937.0, 15.000000, 0.732000, 1.000000
287.0,962.0, 15.000000, 0.732000, 1.000000
287.0,987.0, 15.000000, 0.732000, 1.000000
312.0,12.0, 15.000000, 0.732000, 1.000000
312.0,37.0, 15.000000, 0.732000, 1.000000
312.0,62.0, 15.000000, 0.732000, 1.000000
312.0,87.0, 15.000000, 0.732000, 1.000000
312.0,112.0, 15.000000, 0.732000, 1.000000
312.0,137.0, 15.000000, 0.732000, 1.000000
312.0,162.0, 15.000000, 0.732000, 1.000000
312.0,187.0, 15.000000, 0.732000, 1.000000
312.0,212.0, 15.000000, 0.732000, 1.000000
312.0,237.0, 15.000000, 0.732000, 1.000000
312.0,262.0, 15.000000, 0.732000, 1.000000
312.0,287.0, 15.000000, 0.732000, 1.000000
312.0,312.0, 15.000000, 0.732000, 1.000000
312.0,337.0, 15.000000, 0.732000, 1.000000
312.0,362.0, 15.000000, 0.732000, 1.000000
312.0,387.0, 15.000000, 0.732000, 1.000000
312.0,412.0, 15.000000, 0.732000, 1.000000
312.0,437.0, 15.000000, 0.732000, 1.000000
312.0,462.0, 15.000000, 0.732000, 1.000000
312.0,487.0, 15.000000, 0.732000, 1.000000
312.0,512.0, 15.000000, 0.732000, 1.000000
312.0,537.0, 15.000000, 0.732000, 1.000000
312.0,562.0, 15.000000, 0.732000, 1.000000
312.0,587.0, 15.000000, 0.732000, 1.000000
312.0,612.0, 15.000000, 0.732000, 1.000000
312.0,637.0, 15.000000, 0.732000, 1.000000
312.0,662.0, 15.000000, 0.732000, 1.000000
312.0,687.0, 15.000000, 0.732000, 1.000000
312.0,712.0, 15.000000, 0.732000, 1.000000
312.0,737.0, 15.000000, 0.732000, 1.000000
312.0,762.0, 15.000000, 0.732000, 1.000000
312.0,787.0, 15.000000, 0.732000, 1.000000
312.0,812.0, 15.000000, 0.732000, 1.000000
312.0,837.0, 15.000000, 0.732000, 1.000000
312.0,862.0, 15.000000, 0.732000, 1.000000
312.0,887.0, 15.000000, 0.732000, 1.000000
312.0,912.0, 15.000000, 0.732000, 1.000000
312.0,937.0, 15.000000, 0.732000, 1.000000
312.0,962.0, 15.000000, 0.732000, 1.000000
312.0,987.0, 15.000000, 0.732000, 1.000000
337.0,12.0, 15.000000, 0.732000, 1.000000
337.0,37.0, 15.000000, 0.732000, 1.000000
337.0,62.0, 15.000000, 0.732000, 1.000000
337.0,87.0, 15.000000, 0.732000, 1.000000
337.0,112.0, 15.000000, 0.732000, 1.000000
337.0,137.0, 15.000000, 0.732000, 1.000000
337.0,162.0, 15.000000, 0.732000, 1.000000
337.0,187.0, 15.000000, 0.732000, 1.000000
337.0,212.0, 15.000000, 0.732000, 1.000000
337.0,237.0, 15.000000, 0.732000, 1.000000
337.0,262.0, 15.000000, 0.732000, 1.000000
337.0,287.0, 15.000000, 0.732000, 1.000000
337.0,312.0, 15.000000, 0.732000, 1.000000
337.0,337.0, 15.000000, 0.732000, 1.000000
337.0,362.0, 15.000000, 0.732000, 1.000000
337.0,387.0, 15.000000, 0.732000, 1.000000
337.0,412.0, 15.000000, 0.732000, 1.000000
337.0,437.0, 15.000000, 0.732000, 1.000000
337.0,462.0, 15.000000, 0.732000, 1.000000
337.0,487.0, 15.000000, 0.732000, 1.000000
337.0,512.0, 15.000000, 0.732000, 1.000000
337.0,537.0, 15.000000, 0.732000, 1.000000
337.0,562.0, 15.000000, 0.732000, 1.000000
337.0,587.0, 15.000000, 0.732000, 1.000000
337.0,612.0, 15.000000, 0.732000, 1.000000
337.0,637.0, 15.000000, 0.732000, 1.000000
337.0,662.0, 15.000000, 0.732000, 1.000000
337.0,687.0, 15.000000, 0.732000, 1.000000
337.0,712.0, 15.000000, 0.732000, 1.000000
337.0,737.0, 15.000000, 0.732000, 1.000000
337.0,762.0, 15.000000, 0.732000, 1.000000
337.0,787.0, 15.000000, 0.732000, 1.000000
337.0,812.0, 15.000000, 0.732000, 1.000000
337.0,837.0, 15.000000, 0.732000, 1.000000
337.0,862.0, 15.000000, 0.732000, 1.000000
337.0,887.0, 15.000000, 0.732000, 1.000000
337.0,912.0, 15.000000, 0.732000, 1.000000
337.0,937.0, 15.000000, 0.732000, 1.000000
337.0,962.0, 15.000000, 0.732000, 1.000000
337.0,987.0, 15.000000, 0.732000, 1.000000
362.0,12.0, 15.000000, 0.732000, 1.000000
362.0,37.0, 15.000000, 0.732000, 1.000000
362.0,62.0, 15.000000, 0.732000, 1.000000
362.0,87.0, 15.000000, 0.732000, 1.000000
362.0,112.0, 15.000000, 0.732000, 1.000000
362.0,137.0, 15.000000, 0.732000, 1.000000
362.0,162.0, 15.000000, 0.732000, 1.000000
362.0,187.0, 15.000000, 0.732000, 1.000000
362.0,212.0, 15.000000, 0.732000, 1.000000
362.0,237.0, 15.000000, 0.732000, 1.000000
362.0,262.0, 15.000000, 0.732000, 1.000000
362.0,287.0, 15.000000, 0.732000, 1.000000
362.0,312.0, 15.000000, 0.732000, 1.000000
362.0,337.0, 15.000000, 0.732000, 1.000000
362.0,362.0, 15.000000, 0.732000, 1.000000
362.0,387.0, 15.000000, 0.732000, 1.000000
362.0,412.0, 15.000000, 0.732000, 1.000000
362.0,437.0, 15.000000, 0.732000, 1.000000
362.0,462.0, 15.000000, 0.732000, 1.000000
362.0,487.0, 15.000000, 0.732000, 1.000000
362.0,512.0, 15.000000, 0.732000, 1.000000
362.0,537.0, 15.000000, 0.732000, 1.000000
362.0,562.0, 15.000000, 0.732000, 1.000000
362.0,587.0, 15.000000, 0.732000, 1.000000
362.0,612.0, 15.000000, 0.732000, 1.000000
362.0,637.0, 15.000000, 0.732000, 1.000000
362.0,662.0, 15.000000, 0.732000, 1.000000
362.0,687.0, 15.000000, 0.732000, 1.000000
362.0,712.0, 15.000000, 0.732000, 1.000000
362.0,737.0, 15.000000, 0.732000, 1.000000
362.0,762.0, 15.000000, 0.732000, 1.000000
362.0,787.0, 15.000000, 0.732000, 1.000000
362.0,812.0, 15.000000, 0.732000, 1.000000
362.0,837.0, 15.000000, 0.732000, 1.000000
362.0,862.0, 15.000000, 0.732000, 1.000000
362.0,887.0, 15.000000, 0.732000, 1.000000
362.0,912.0, 15.000000, 0.732000, 1.000000
362.0,937.0, 15.000000, 0.732000, 1.000000
362.0,962.0, 15.000000, 0.732000, 1.000000
362.0,987.0, 15.000000, 0.732000, 1.000000
387.0,12.0, 15.000000, 0.732000, 1.000000
387.0,37.0, 15.000000, 0.732000, 1.000000
387.0,62.0, 15.000000, 0.732000, 1.000000
387.0,87.0, 15.000000, 0.732000, 1.000000
387.0,112.0, 15.000000, 0.732000, 1.000000
387.0,137.0, 15.000000, 0.732000, 1.000000
387.0,162.0, 15.000000, 0.732000, 1.000000
387.0,187.0, 15.000000, 0.732000, 1.000000
387.0,212.0, 15.000000, 0.732000, 1.000000
387.0,237.0, 15.000000, 0.732000, 1.000000
387.0,262.0, 15.000000, 0.732000, 1.000000
387.0,287.0, 15.000000, 0.732000, 1.000000
387.0,312.0, 15.000000, 0.732000, 1.000000
387.0,337.0, 15.000000, 0.732000, 1.000000
387.0,362.0, 15.000000, 0.732000, 1.000000
387.0,387.0, 15.000000, 0.732000, 1.000000
387.0,412.0, 15.000000, 0.732000, 1.000000
387.0,437.0, 15.000000, 0.732000, 1.000000
387.0,462.0, 15.000000, 0.732000, 1.000000
387.0,487.0, 15.000000, 0.732000, 1.000000
387.0,512.0, 15.000000, 0.732000, 1.000000
387.0,537.0, 15.000000, 0.732000, 1.000000
387.0,562.0, 15.000000, 0.732000, 1.000000
387.0,587.0, 15.000000, 0.732000, 1.000000
387.0,612.0, 15.000000, 0.732000, 1.000000
387.0,637.0, 15.000000, 0.732000, 1.000000
387.0,662.0, 15.000000, 0.732000, 1.000000
387.0,687.0, 15.000000, 0.732000, 1.000000
387.0,712.0, 15.000000, 0.732000, 1.000000
387.0,737.0, 15.000000, 0.732000, 1.000000
387.0,762.0, 15.000000, 0.732000, 1.000000
387.0,787.0, 15.000000, 0.732000, 1.000000
387.0,812.0, 15.000000, 0.732000, 1.000000
387.0,837.0, 15.000000, 0.732000, 1.000000
387.0,862.0, 15.000000, 0.732000, 1.000000
387.0,887.0, 15.000000, 0.732000, 1.000000
387.0,912.0, 15.000000, 0.732000, 1.000000
387.0,937.0, 15.000000, 0.732000, 1.000000
387.0,962.0, 15.000000, 0.732000, 1.000000
387.0,987.0, 15.000000, 0.732000, 1.000000
412.0,12.0, 15.000000, 0.732000, 1.000000
412.0,37.0, 15.000000, 0.732000, 1.000000
412.0,62.0, 15.000000, 0.732000, 1.000000
412.0,87.0, 15.000000, 0.732000, 1.000000
412.0,112.0, 15.000000, 0.732000, 1.000000
412.0,137.0, 15.000000, 0.732000, 1.000000
412.0,162.0, 15.000000, 0.732000, 1.000000
412.0,187.0, 15.000000, 0.732000, 1.000000
412.0,212.0, 15.000000, 0.732000, 1.000000
412.0,237.0, 15.000000, 0.732000, 1.000000
412.0,262.0, 15.000000, 0.732000, 1.000000
412.0,287.0, 15.000000, 0.732000, 1.000000
412.0,312.0, 15.000000, 0.732000, 1.000000
412.0,337.0, 15.000000, 0.732000, 1.000000
412.0,362.0, 15.000000, 0.732000, 1.000000
412.0,387.0, 15.000000, 0.732000, 1.000000
412.0,412.0, 15.000000, 0.732000, 1.000000
412.0,437.0, 15.000000, 0.732000, 1.000000
412.0,462.0, 15.000000, 0.732000, 1.000000
412.0,487.0, 15.000000, 0.732000, 1.000000
412.0,512.0, 15.000000, 0.732000, 1.000000
412.0,537.0, 15.000000, 0.732000, 1.000000
412.0,562.0, 15.000000, 0.732000, 1.000000
412.0,587.0, 15.000000, 0.732000, 1.000000
412.0,612.0, 15.000000, 0.732000, 1.000000
412.0,637.0, 15.000000, 0.732000, 1.000000
412.0,662.0, 15.000000, 0.732000, 1.000000
412.0,687.0, 15.000000, 0.732000, 1.000000
412.0,712.0, 15.000000, 0.732000, 1.000000
412.0,737.0, 15.000000, 0.732000, 1.000000
412.0,762.0, 15.000000, 0.732000, 1.000000
412.0,787.0, 15.000000, 0.732000, 1.000000
412.0,812.0, 15.000000, 0.732000, 1.000000
412.0,837.0, 15.000000, 0.732000, 1.000000
412.0,862.0, 15.000000, 0.732000, 1.000000
412.0,887.0, 15.000000, 0.732000, 1.000000
412.0,912.0, 15.000000, 0.732000, 1.000000
412.0,937.0, 15.000000, 0.732000, 1.000000
412.0,962.0, 15.000000, 0.732000, 1.000000
412.0,987.0, 15.000000, 0.732000, 1.000000
437.0,12.0, 15.000000, 0.732000, 1.000000
437.0,37.0, 15.000000, 0.732000, 1.000000
437.0,62.0, 15.000000, 0.732000, 1.000000
437.0,87.0, 15.000000, 0.732000, 1.000000
437.0,112.0, 15.000000, 0.732000, 1.000000
437.0,137.0, 15.000000, 0.732000, 1.000000
437.0,162.0, 15.000000, 0.732000, 1.000000
437.0,187.0, 15.000000, 0.732000, 1.000000
437.0,212.0, 15.000000, 0.732000, 1.000000
437.0,237.0, 15.000000, 0.732000, 1.000000
437.0,262.0, 15.000000, 0.732000, 1.000000
437.0,287.0, 15.000000, 0.732000, 1.000000
437.0,312.0, 15.000000, 0.732000, 1.000000
437.0,337.0, 15.000000, 0.732000, 1.000000
437.0,362.0, 15.000000, 0.732000, 1.000000
437.0,387.0, 15.000000, 0.732000, 1.000000
437.0,412.0, 15.000000, 0.732000, 1.000000
437.0,437.0, 15.000000, 0.732000, 1.000000
437.0,462.0, 15.000000, 0.732000, 1.000000
437.0,487.0, 15.000000, 0.732000, 1.000000
437.0,512.0, 15.000000, 0.732000, 1.000000
437.0,537.0, 15.000000, 0.732000, 1.000000
437.0,562.0, 15.000000, 0.732000, 1.000000
437.0,587.0, 15.000000, 0.732000, 1.000000
437.0,612.0, 15.000000, 0.732000, 1.000000
437.0,637.0, 15.000000, 0.732000, 1.000000
437.0,662.0, 15.000000, 0.732000, 1.000000
437.0,687.0, 15.000000, 0.732000, 1.000000
437.0,712.0, 15.000000, 0.732000, 1.000000
437.0,737.0, 15.000000, 0.732000, 1.000000
437.0,762.0, 15.000000, 0.732000, 1.000000
437.0,787.0, 15.000000, 0.732000, 1.000000
437.0,812.0, 15.000000, 0.732000, 1.000000
437.0,837.0, 15.000000, 0.732000, 1.000000
437.0,862.0, 15.000000, 0.732000, 1.000000
437.0,887.0, 15.000000, 0.732000, 1.000000
437.0,912.0, 15.000000, 0.732000, 1.000000
437.0,937.0, 15.000000, 0.732000, 1.000000
437.0,962.0, 15.000000, 0.732000, 1.000000
437.0,987.0, 15.000000, 0.732000, 1.000000
462.0,12.0, 15.000000, 0.732000, 1.000000
462.0,37.0, 15.000000, 0.732000, 1.000000
462.0,62.0, 15.000000, 0.732000, 1.000000
462.0,87.0, 15.000000, 0.732000, 1.000000
462.0,112.0, 15.000000, 0.732000, 1.000000
462.0,137.0, 15.000000, 0.732000, 1.000000
462.0,162.0, 15.000000, 0.732000, 1.000000
462.0,187.0, 15.000000, 0.732000, 1.000000
462.0,212.0, 15.000000, 0.732000, 1.000000
462.0,237.0, 15.000000, 0.732000, 1.000000
462.0,262.0, 15.000000, 0.732000, 1.000000
462.0,287.0, 15.000000, 0.732000, 1.000000
462.0,312.0, 15.000000, 0.732000, 1.000000
462.0,337.0, 15.000000, 0.732000, 1.000000
462.0,362.0, 15.000000, 0.732000, 1.000000
462.0,387.0, 15.000000, 0.732000, 1.000000
462.0,412.0, 15.000000, 0.732000, 1.000000
462.0,437.0, 15.000000, 0.732000, 1.000000
462.0,462.0, 15.000000, 0.732000, 1.000000
462.0,487.0, 15.000000, 0.732000, 1.000000
462.0,512.0, 15.000000, 0.732000, 1.000000
462.0,537.0, 15.000000, 0.732000, 1.000000
462.0,562.0, 15.000000, 0.732000, 1.000000
462.0,587.0, 15.000000, 0.732000, 1.000000
462.0,612.0, 15.000000, 0.732000, 1.000000
462.0,637.0, 15.000000, 0.732000, 1.000000
462.0,662.0, 15.000000, 0.732000, 1.000000
462.0,687.0, 15.000000, 0.732000, 1.000000
462.0,712.0, 15.000000, 0.732000, 1.000000
462.0,737.0, 15.000000, 0.732000, 1.000000
462.0,762.0, 15.000000, 0.732000, 1.000000
462.0,787.0, 15.000000, 0.732000, 1.000000
462.0,812.0, 15.000000, 0.732000, 1.000000
462.0,837.0, 15.000000, 0.732000, 1.000000
462.0,862.0, 15.000000, 0.732000, 1.000000
462.0,887.0, 15.000000, 0.732000, 1.000000
462.0,912.0, 15.000000, 0.732000, 1.000000
462.0,937.0, 15.000000, 0.732000, 1.000000
462.0,962.0, 15.000000, 0.732000, 1.000000
462.0,987.0, 15.000000, 0.732000, 1.000000
487.0,12.0, 15.000000, 0.732000, 1.000000
487.0,37.0, 15.000000, 0.732000, 1.000000
487.0,62.0, 15.000000, 0.732000, 1.000000
487.0,87.0, 15.000000, 0.732000, 1.000000
487.0,112.0, 15.000000, 0.732000, 1.000000
487.0,137.0, 15.000000, 0.732000, 1.000000
487.0,162.0, 15.000000, 0.732000, 1.000000
487.0,187.0, 15.000000, 0.732000, 1.000000
487.0,212.0, 15.000000, 0.732000, 1.000000
487.0,237.0, 15.000000, 0.732000, 1.000000
487.0,262.0, 15.000000, 0.732000, 1.000000
487.0,287.0, 15.000000, 0.732000, 1.000000
487.0,312.0, 15.000000, 0.732000, 1.000000
487.0,337.0, 15.000000, 0.732000, 1.000000
487.0,362.0, 15.000000, 0.732000, 1.000000
487.0,387.0, 15.000000, 0.732000, 1.000000
487.0,412.0, 15.000000, 0.732000, 1.000000
487.0,437.0, 15.000000, 0.732000, 1.000000
487.0,462.0, 15.000000, 0.732000, 1.000000
487.0,487.0, 15.000000, 0.732000, 1.000000
487.0,512.0, 15.000000, 0.732000, 1.000000
487.0,537.0, 15.000000, 0.732000, 1.000000
487.0,562.0, 15.000000, 0.732000, 1.000000
487.0,587.0, 15.000000, 0.732000, 1.000000
487.0,612.0, 15.000000, 0.732000, 1.000000
487.0,637.0, 15.000000, 0.732000, 1.000000
487.0,662.0, 15.000000, 0.732000, 1.000000
487.0,687.0, 15.000000, 0.732000, 1.000000
487.0,712.0, 15.000000, 0.732000, 1.000000
487.0,737.0, 15.000000, 0.732000, 1.000000
487.0,762.0, 15.000000, 0.732000, 1.000000
487.0,787.0, 15.000000, 0.732000, 1.000000
487.0,812.0, 15.000000, 0.732000, 1.000000
487.0,837.0, 15.000000, 0.732000, 1.000000
487.0,862.0, 15.000000, 0.732000, 1.000000
487.0,887.0, 15.000000, 0.732000, 1.000000
487.0,912.0, 15.000000, 0.732000, 1.000000
487.0,937.0, 15.000000, 0.732000, 1.000000
487.0,962.0, 15.000000, 0.732000, 1.000000
487.0,987.0, 15.000000, 0.732000, 1.000000
512.0,12.0, 15.000000, 0.732000, 1.000000
512.0,37.0, 15.000000, 0.732000, 1.000000
512.0,62.0, 15.000000, 0.732000, 1.000000
512.0,87.0, 15.000000, 0.732000, 1.000000
512.0,112.0, 15.000000, 0.732000, 1.000000
512.0,137.0, 15.000000, 0.732000, 1.000000
512.0,162.0, 15.000000, 0.732000, 1.000000
512.0,187.0, 15.000000, 0.732000, 1.000000
512.0,212.0, 15.000000, 0.732000, 1.000000
512.0,237.0, 15.000000, 0.732000, 1.000000
512.0,262.0, 15.000000, 0.732000, 1.000000
512.0,287.0, 15.000000, 0.732000, 1.000000
512.0,312.0, 15.000000, 0.732000, 1.000000
512.0,337.0, 15.000000, 0.732000, 1.000000
512.0,362.0, 15.000000, 0.732000, 1.000000
512.0,387.0, 15.000000, 0.732000, 1.000000
512.0,412.0, 15.000000, 0.732000, 1.000000
512.0,437.0, 15.000000, 0.732000, 1.000000
512.0,462.0, 15.000000, 0.732000, 1.000000
512.0,487.0, 15.000000, 0.732000, 1.000000
512.0,512.0, 15.000000, 0.732000, 1.000000
512.0,537.0, 15.000000, 0.732000, 1.000000
512.0,562.0, 15.000000, 0.732000, 1.000000
512.0,587.0, 15.000000, 0.732000, 1.000000
512.0,612.0, 15.000000, 0.732000, 1.000000
512.0,637.0, 15.000000, 0.732000, 1.000000
512.0,662.0, 15.000000, 0.732000, 1.000000
512.0,687.0, 15.000000, 0.732000, 1.000000
512.0,712.0, 15.000000, 0.732000, 1.000000
512.0,737.0, 15.000000, 0.732000, 1.000000
512.0,762.0, 15.000000, 0.732000, 1.000000
512.0,787.0, 15.000000, 0.732000, 1.000000
512.0,812.0, 15.000000, 0.732000, 1.000000
512.0,837.0, 15.000000, 0.732000, 1.000000
512.0,862.0, 15.000000, 0.732000, 1.000000
512.0,887.0, 15.000000, 0.732000, 1.000000
512.0,912.0, 15.000000, 0.732000, 1.000000
512.0,937.0, 15.000000, 0.732000, 1.000000
512.0,962.0, 15.000000, 0.732000, 1.000000
512.0,987.0, 15.000000, 0.732000, 1.000000
537.0,12.0, 15.000000, 0.732000, 1.000000
537.0,37.0, 15.000000, 0.732000, 1.000000
537.0,62.0, 15.000000, 0.732000, 1.000000
537.0,87.0, 15.000000, 0.732000, 1.000000
537.0,112.0, 15.000000, 0.732000, 1.000000
537.0,137.0, 15.000000, 0.732000, 1.000000
537.0,162.0, 15.000000, 0.732000, 1.000000
537.0,187.0, 15.000000, 0.732000, 1.000000
537.0,212.0, 15.000000, 0.732000, 1.000000
537.0,237.0, 15.000000, 0.732000, 1.000000
537.0,262.0, 15.000000, 0.732000, 1.000000
537.0,287.0, 15.000000, 0.732000, 1.000000
537.0,312.0, 15.000000, 0.732000, 1.000000
537.0,337.0, 15.000000, 0.732000, 1.000000
537.0,362.0, 15.000000, 0.732000, 1.000000
537.0,387.0, 15.000000, 0.732000, 1.000000
537.0,412.0, 15.000000, 0.732000, 1.000000
537.0,437.0, 15.000000, 0.732000, 1.000000
537.0,462.0, 15.000000, 0.732000, 1.000000
537.0,487.0, 15.000000, 0.732000, 1.000000
537.0,512.0, 15.000000, 0.732000, 1.000000
537.0,537.0, 15.000000, 0.732000, 1.000000
537.0,562.0, 15.000000, 0.732000, 1.000000
537.0,587.0, 15.000000, 0.732000, 1.000000
537.0,612.0, 15.000000, 0.732000, 1.000000
537.0,637.0, 15.000000, 0.732000, 1.000000
537.0,662.0, 15.000000, 0.732000, 1.000000
537.0,687.0, 15.000000, 0.732000, 1.000000
537.0,712.0, 15.000000, 0.732000, 1.000000
537.0,737.0, 15.000000, 0.732000, 1.000000
537.0,762.0, 15.000000, 0.732000, 1.000000
537.0,787.0, 15.000000, 0.732000, 1.000000
537.0,812.0, 15.000000, 0.732000, 1.000000
537.0,837.0, 15.000000, 0.732000, 1.000000
537.0,862.0, 15.000000, 0.732000, 1.000000
537.0,887.0, 15.000000, 0.732000, 1.000000
537.0,912.0, 15.000000, 0.732000, 1.000000
537.0,937.0, 15.000000, 0.732000, 1.000000
537.0,962.0, 15.000000, 0.732000, 1.000000
537.0,987.0, 15.000000, 0.732000, 1.000000
562.0,12.0, 15.000000, 0.732000, 1.000000
562.0,37.0, 15.000000, 0.732000, 1.000000
562.0,62.0, 15.000000, 0.732000, 1.000000
562.0,87.0, 15.000000, 0.732000, 1.000000
562.0,112.0, 15.000000, 0.732000, 1.000000
562.0,137.0, 15.000000, 0.732000, 1.000000
562.0,162.0, 15.000000, 0.732000, 1.000000
562.0,187.0, 15.000000, 0.732000, 1.000000
562.0,212.0, 15.000000, 0.732000, 1.000000
562.0,237.0, 15.000000, 0.732000, 1.000000
562.0,262.0, 15.000000, 0.732000, 1.000000
562.0,287.0, 15.000000, 0.732000, 1.000000
562.0,312.0, 15.000000, 0.732000, 1.000000
562.0,337.0, 15.000000, 0.732000, 1.000000
562.0,362.0, 15.000000, 0.732000, 1.000000
562.0,387.0, 15.000000, 0.732000, 1.000000
562.0,412.0, 15.000000, 0.732000, 1.000000
562.0,437.0, 15.000000, 0.732000, 1.000000
562.0,462.0, 15.000000, 0.732000, 1.000000
562.0,487.0, 15.000000, 0.732000, 1.000000
562.0,512.0, 15.000000, 0.732000, 1.000000
562.0,537.0, 15.000000, 0.732000, 1.000000
562.0,562.0, 15.000000, 0.732000, 1.000000
562.0,587.0, 15.000000, 0.732000, 1.000000
562.0,612.0, 15.000000, 0.732000, 1.000000
562.0,637.0, 15.000000, 0.732000, 1.000000
562.0,662.0, 15.000000, 0.732000, 1.000000
562.0,687.0, 15.000000, 0.732000, 1.000000
562.0,712.0, 15.000000, 0.732000, 1.000000
562.0,737.0, 15.000000, 0.732000, 1.000000
562.0,762.0, 15.000000, 0.732000, 1.000000
562.0,787.0, 15.000000, 0.732000, 1.000000
562.0,812.0, 15.000000, 0.732000, 1.000000
562.0,837.0, 15.000000, 0.732000, 1.000000
562.0,862.0, 15.000000, 0.732000, 1.000000
562.0,887.0, 15.000000, 0.732000, 1.000000
562.0,912.0, 15.000000, 0.732000, 1.000000
562.0,937.0, 15.000000, 0.732000, 1.000000
562.0,962.0, 15.000000, 0.732000, 1.000000
562.0,987.0, 15.000000, 0.732000, 1.000000
587.0,12.0, 15.000000, 0.732000, 1.000000
587.0,37.0, 15.000000, 0.732000, 1.000000
587.0,62.0, 15.000000, 0.732000, 1.000000
587.0,87.0, 15.000000, 0.732000, 1.000000
587.0,112.0, 15.000000, 0.732000, 1.000000
587.0,137.0, 15.000000, 0.732000, 1.000000
587.0,162.0, 15.000000, 0.732000, 1.000000
587.0,187.0, 15.000000, 0.732000, 1.000000
587.0,212.0, 15.000000, 0.732000, 1.000000
587.0,237.0, 15.000000, 0.732000, 1.000000
587.0,262.0, 15.000000, 0.732000, 1.000000
587.0,287.0, 15.000000, 0.732000, 1.000000
587.0,312.0, 15.000000, 0.732000, 1.000000
587.0,337.0, 15.000000, 0.732000, 1.000000
587.0,362.0, 15.000000, 0.732000, 1.000000
587.0,387.0, 15.000000, 0.732000, 1.000000
587.0,412.0, 15.000000, 0.732000, 1.000000
587.0,437.0, 15.000000, 0.732000, 1.000000
587.0,462.0, 15.000000, 0.732000, 1.000000
587.0,487.0, 15.000000, 0.732000, 1.000000
587.0,512.0, 15.000000, 0.732000, 1.000000
587.0,537.0, 15.000000, 0.732000, 1.000000
587.0,562.0, 15.000000, 0.732000, 1.000000
587.0,587.0, 15.000000, 0.732000, 1.000000
587.0,612.0, 15.000000, 0.732000, 1.000000
587.0,637.0, 15.000000, 0.732000, 1.000000
587.0,662.0, 15.000000, 0.732000, 1.000000
587.0,687.0, 15.000000, 0.732000, 1.000000
587.0,712.0, 15.000000, 0.732000, 1.000000
587.0,737.0, 15.000000, 0.732000, 1.000000
587.0,762.0, 15.000000, 0.732000, 1.000000
587.0,787.0, 15.000000, 0.732000, 1.000000
587.0,812.0, 15.000000, 0.732000, 1.000000
587.0,837.0, 15.000000, 0.732000, 1.000000
587.0,862.0, 15.000000, 0.732000, 1.000000
587.0,887.0, 15.000000, 0.732000, 1.000000
587.0,912.0, 15.000000, 0.732000, 1.000000
587.0,937.0, 15.000000, 0.732000, 1.000000
587.0,962.0, 15.000000, 0.732000, 1.000000
587.0,987.0, 15.000000, 0.732000, 1.000000
612.0,12.0, 15.000000, 0.732000, 1.000000
612.0,37.0, 15.000000, 0.732000, 1.000000
612.0,62.0, 15.000000, 0.732000, 1.000000
612.0,87.0, 15.000000, 0.732000, 1.000000
612.0,112.0, 15.000000, 0.732000, 1.000000
612.0,137.0, 15.000000, 0.732000, 1.000000
612.0,162.0, 15.000000, 0.732000, 1.000000
612.0,187.0, 15.000000, 0.732000, 1.000000
612.0,212.0, 15.000000, 0.732000, 1.000000
612.0,237.0, 15.000000, 0.732000, 1.000000
612.0,262.0, 15.000000, 0.732000, 1.000000
612.0,287.0, 15.000000, 0.732000, 1.000000
612.0,312.0, 15.000000, 0.732000, 1.000000
612.0,337.0, 15.000000, 0.732000, 1.000000
612.0,362.0, 15.000000, 0.732000, 1.000000
612.0,387.0, 15.000000, 0.732000, 1.000000
612.0,412.0, 15.000000, 0.732000, 1.000000
612.0,437.0, 15.000000, 0.732000, 1.000000
612.0,462.0, 15.000000, 0.732000, 1.000000
612.0,487.0, 15.000000, 0.732000, 1.000000
612.0,512.0, 15.000000, 0.732000, 1.000000
612.0,537.0, 15.000000, 0.732000, 1.000000
612.0,562.0, 15.000000, 0.732000, 1.000000
612.0,587.0, 15.000000, 0.732000, 1.000000
612.0,612.0, 15.000000, 0.732000, 1.000000
612.0,637.0, 15.000000, 0.732000, 1.000000
612.0,662.0, 15.000000, 0.732000, 1.000000
612.0,687.0, 15.000000, 0.732000, 1.000000
612.0,712.0, 15.000000, 0.732000, 1.000000
612.0,737.0, 15.000000, 0.732000, 1.000000
612.0,762.0, 15.000000, 0.732000, 1.000000
612.0,787.0, 15.000000, 0.732000, 1.000000
612.0,812.0, 15.000000, 0.732000, 1.000000
612.0,837.0, 15.000000, 0.732000, 1.000000
612.0,862.0, 15.000000, 0.732000, 1.000000
612.0,887.0, 15.000000, 0.732000, 1.000000
612.0,912.0, 15.000000, 0.732000, 1.000000
612.0,937.0, 15.000000, 0.732000, 1.000000
612.0,962.0, 15.000000, 0.732000, 1.000000
612.0,987.0, 15.000000, 0.732000, 1.000000
637.0,12.0, 15.000000, 0.732000, 1.000000
637.0,37.0, 15.000000, 0.732000, 1.000000
637.0,62.0, 15.000000, 0.732000, 1.000000
637.0,87.0, 15.000000, 0.732000, 1.000000
637.0,112.0, 15.000000, 0.732000, 1.000000
637.0,137.0, 15.000000, 0.732000, 1.000000
637.0,162.0, 15.000000, 0.732000, 1.000000
637.0,187.0, 15.000000, 0.732000, 1.000000
637.0,212.0, 15.000000, 0.732000, 1.000000
637.0,237.0, 15.000000, 0.732000, 1.000000
637.0,262.0, 15.000000, 0.732000, 1.000000
637.0,287.0, 15.000000, 0.732000, 1.000000
637.0,312.0, 15.000000, 0.732000, 1.000000
637.0,337.0, 15.000000, 0.732000, 1.000000
637.0,362.0, 15.000000, 0.732000, 1.000000
637.0,387.0, 15.000000, 0.732000, 1.000000
637.0,412.0, 15.000000, 0.732000, 1.000000
637.0,437.0, 15.000000, 0.732000, 1.000000
637.0,462.0, 15.000000, 0.732000, 1.000000
637.0,487.0, 15.000000, 0.732000, 1.000000
637.0,512.0, 15.000000, 0.732000, 1.000000
637.0,537.0, 15.000000, 0.732000, 1.000000
637.0,562.0, 15.000000, 0.732000, 1.000000
637.0,587.0, 15.000000, 0.732000, 1.000000
637.0,612.0, 15.000000, 0.732000, 1.000000
637.0,637.0, 15.000000, 0.732000, 1.000000
637.0,662.0, 15.000000, 0.732000, 1.000000
637.0,687.0, 15.000000, 0.732000, 1.000000
637.0,712.0, 15.000000, 0.732000, 1.000000
637.0,737.0, 15.000000, 0.732000, 1.000000
637.0,762.0, 15.000000, 0.732000, 1.000000
637.0,787.0, 15.000000, 0.732000, 1.000000
637.0,812.0, 15.000000, 0.732000, 1.000000
637.0,837.0, 15.000000, 0.732000, 1.000000
637.0,862.0, 15.000000, 0.732000, 1.000000
637.0,887.0, 15.000000, 0.732000, 1.000000
637.0,912.0, 15.000000, 0.732000, 1.000000
637.0,937.0, 15.000000, 0.732000, 1.000000
637.0,962.0, 15.000000, 0.732000, 1.000000
637.0,987.0, 15.000000, 0.732000, 1.000000
662.0,12.0, 15.000000, 0.732000, 1.000000
662.0,37.0, 15.000000, 0.732000, 1.000000
662.0,62.0, 15.000000, 0.732000, 1.000000
662.0,87.0, 15.000000, 0.732000, 1.000000
662.0,112.0, 15.000000, 0.732000, 1.000000
662.0,137.0, 15.000000, 0.732000, 1.000000
662.0,162.0, 15.000000, 0.732000, 1.000000
662.0,187.0, 15.000000, 0.732000, 1.000000
662.0,212.0, 15.000000, 0.732000, 1.000000
662.0,237.0, 15.000000, 0.732000, 1.000000
662.0,262.0, 15.000000, 0.732000, 1.000000
662.0,287.0, 15.000000, 0.732000, 1.000000
662.0,312.0, 15.000000, 0.732000, 1.000000
662.0,337.0, 15.000000, 0.732000, 1.000000
662.0,362.0, 15.000000, 0.732000, 1.000000
662.0,387.0, 15.000000, 0.732000, 1.000000
662.0,412.0, 15.000000, 0.732000, 1.000000
662.0,437.0, 15.000000, 0.732000, 1.000000
662.0,462.0, 15.000000, 0.732000, 1.000000
662.0,487.0, 15.000000, 0.732000, 1.000000
662.0,512.0, 15.000000, 0.732000, 1.000000
662.0,537.0, 15.000000, 0.732000, 1.000000
662.0,562.0, 15.000000, 0.732000, 1.000000
662.0,587.0, 15.000000, 0.732000, 1.000000
662.0,612.0, 15.000000, 0.732000, 1.000000
662.0,637.0, 15.000000, 0.732000, 1.000000
662.0,662.0, 15.000000, 0.732000, 1.000000
662.0,687.0, 15.000000, 0.732000, 1.000000
662.0,712.0, 15.000000, 0.732000, 1.000000
662.0,737.0, 15.000000, 0.732000, 1.000000
662.0,762.0, 15.000000, 0.732000, 1.000000
662.0,787.0, 15.000000, 0.732000, 1.000000
662.0,812.0, 15.000000, 0.732000, 1.000000
662.0,837.0, 15.000000, 0.732000, 1.000000
662.0,862.0, 15.000000, 0.732000, 1.000000
662.0,887.0, 15.000000, 0.732000, 1.000000
662.0,912.0, 15.000000, 0.732000, 1.000000
662.0,937.0, 15.000000, 0.732000, 1.000000
662.0,962.0, 15.000000, 0.732000, 1.000000
662.0,987.0, 15.000000, 0.732000, 1.000000
687.0,12.0, 15.000000, 0.732000, 1.000000
687.0,37.0, 15.000000, 0.732000, 1.000000
687.0,62.0, 15.000000, 0.732000, 1.000000
687.0,87.0, 15.000000, 0.732000, 1.000000
687.0,112.0, 15.000000, 0.732000, 1.000000
687.0,137.0, 15.000000, 0.732000, 1.000000
687.0,162.0, 15.000000, 0.732000, 1.000000
687.0,187.0, 15.000000, 0.732000, 1.000000
687.0,212.0, 15.000000, 0.732000, 1.000000
687.0,237.0, 15.000000, 0.732000, 1.000000
687.0,262.0, 15.000000, 0.732000, 1.000000
687.0,287.0, 15.000000, 0.732000, 1.000000
687.0,312.0, 15.000000, 0.732000, 1.000000
687.0,337.0, 15.000000, 0.732000, 1.000000
687.0,362.0, 15.000000, 0.732000, 1.000000
687.0,387.0, 15.000000, 0.732000, 1.000000
687.0,412.0, 15.000000, 0.732000, 1.000000
687.0,437.0, 15.000000, 0.732000, 1.000000
687.0,462.0, 15.000000, 0.732000, 1.000000
687.0,487.0, 15.000000, 0.732000, 1.000000
687.0,512.0, 15.000000, 0.732000, 1.000000
687.0,537.0, 15.000000, 0.732000, 1.000000
687.0,562.0, 15.000000, 0.732000, 1.000000
687.0,587.0, 15.000000, 0.732000, 1.000000
687.0,612.0, 15.000000, 0.732000, 1.000000
687.0,637.0, 15.000000, 0.732000, 1.000000
687.0,662.0, 15.000000, 0.732000, 1.000000
687.0,687.0, 15.000000, 0.732000, 1.000000
687.0,712.0, 15.000000, 0.732000, 1.000000
687.0,737.0, 15.000000, 0.732000, 1.000000
687.0,762.0, 15.000000, 0.732000, 1.000000
687.0,787.0, 15.000000, 0.732000, 1.000000
687.0,812.0, 15.000000, 0.732000, 1.000000
687.0,837.0, 15.000000, 0.732000, 1.000000
687.0,862.0, 15.000000, 0.732000, 1.000000
687.0,887.0, 15.000000, 0.732000, 1.000000
687.0,912.0, 15.000000, 0.732000, 1.000000
687.0,937.0, 15.000000, 0.732000, 1.000000
687.0,962.0, 15.000000, 0.732000, 1.000000
687.0,987.0, 15.000000, 0.732000, 1.000000
712.0,12.0, 15.000000, 0.732000, 1.000000
712.0,37.0, 15.000000, 0.732000, 1.000000
712.0,62.0, 15.000000, 0.732000, 1.000000
712.0,87.0, 15.000000, 0.732000, 1.000000
712.0,112.0, 15.000000, 0.732000, 1.000000
712.0,137.0, 15.000000, 0.732000, 1.000000
712.0,162.0, 15.000000, 0.732000, 1.000000
712.0,187.0, 15.000000, 0.732000, 1.000000
712.0,212.0, 15.000000, 0.732000, 1.000000
712.0,237.0, 15.000000, 0.732000, 1.000000
712.0,262.0, 15.000000, 0.732000, 1.000000
712.0,287.0, 15.000000, 0.732000, 1.000000
712.0,312.0, 15.000000, 0.732000, 1.000000
712.0,337.0, 15.000000, 0.732000, 1.000000
712.0,362.0, 15.000000, 0.732000, 1.000000
712.0,387.0, 15.000000, 0.732000, 1.000000
712.0,412.0, 15.000000, 0.732000, 1.000000
712.0,437.0, 15.000000, 0.732000, 1.000000
712.0,462.0, 15.000000, 0.732000, 1.000000
712.0,487.0, 15.000000, 0.732000, 1.000000
712.0,512.0, 15.000000, 0.732000, 1.000000
712.0,537.0, 15.000000, 0.732000, 1.000000
712.0,562.0, 15.000000, 0.732000, 1.000000
712.0,587.0, 15.000000, 0.732000, 1.000000
712.0,612.0, 15.000000, 0.732000, 1.000000
712.0,637.0, 15.000000, 0.732000, 1.000000
712.0,662.0, 15.000000, 0.732000, 1.000000
712.0,687.0, 15.000000, 0.732000, 1.000000
712.0,712.0, 15.000000, 0.732000, 1.000000
712.0,737.0, 15.000000, 0.732000, 1.000000
712.0,762.0, 15.000000, 0.732000, 1.000000
712.0,787.0, 15.000000, 0.732000, 1.000000
712.0,812.0, 15.000000, 0.732000, 1.000000
712.0,837.0, 15.000000, 0.732000, 1.000000
712.0,862.0, 15.000000, 0.732000, 1.000000
712.0,887.0, 15.000000, 0.732000, 1.000000
712.0,912.0, 15.000000, 0.732000, 1.000000
712.0,937.0, 15.000000, 0.732000, 1.000000
712.0,962.0, 15.000000, 0.732000, 1.000000
712.0,987.0, 15.000000, 0.732000, 1.000000
737.0,12.0, 15.000000, 0.732000, 1.000000
737.0,37.0, 15.000000, 0.732000, 1.000000
737.0,62.0, 15.000000, 0.732000, 1.000000
737.0,87.0, 15.000000, 0.732000, 1.000000
737.0,112.0, 15.000000, 0.732000, 1.000000
737.0,137.0, 15.000000, 0.732000, 1.000000
737.0,162.0, 15.000000, 0.732000, 1.000000
737.0,187.0, 15.000000, 0.732000, 1.000000
737.0,212.0, 15.000000, 0.732000, 1.000000
737.0,237.0, 15.000000, 0.732000, 1.000000
737.0,262.0, 15.000000, 0.732000, 1.000000
737.0,287.0, 15.000000, 0.732000, 1.000000
737.0,312.0, 15.000000, 0.732000, 1.000000
737.0,337.0, 15.000000, 0.732000, 1.000000
737.0,362.0, 15.000000, 0.732000, 1.000000
737.0,387.0, 15.000000, 0.732000, 1.000000
737.0,412.0, 15.000000, 0.732000, 1.000000
737.0,437.0, 15.000000, 0.732000, 1.000000
737.0,462.0, 15.000000, 0.732000, 1.000000
737.0,487.0, 15.000000, 0.732000, 1.000000
737.0,512.0, 15.000000, 0.732000, 1.000000
737.0,537.0, 15.000000, 0.732000, 1.000000
737.0,562.0, 15.000000, 0.732000, 1.000000
737.0,587.0, 15.000000, 0.732000, 1.000000
737.0,612.0, 15.000000, 0.732000, 1.000000
737.0,637.0, 15.000000, 0.732000, 1.000000
737.0,662.0, 15.000000, 0.732000, 1.000000
737.0,687.0, 15.000000, 0.732000, 1.000000
737.0,712.0, 15.000000, 0.732000, 1.000000
737.0,737.0, 15.000000, 0.732000, 1.000000
737.0,762.0, 15.000000, 0.732000, 1.000000
737.0,787.0, 15.000000, 0.732000, 1.000000
737.0,812.0, 15.000000, 0.732000, 1.000000
737.0,837.0, 15.000000, 0.732000, 1.000000
737.0,862.0, 15.000000, 0.732000, 1.000000
737.0,887.0, 15.000000, 0.732000, 1.000000
737.0,912.0, 15.000000, 0.732000, 1.000000
737.0,937.0, 15.000000, 0.732000, 1.000000
737.0,962.0, 15.000000, 0.732000, 1.000000
737.0,987.0, 15.000000, 0.732000, 1.000000
762.0,12.0, 15.000000, 0.732000, 1.000000
762.0,37.0, 15.000000, 0.732000, 1.000000
762.0,62.0, 15.000000, 0.732000, 1.000000
762.0,87.0, 15.000000, 0.732000, 1.000000
762.0,112.0, 15.000000, 0.732000, 1.000000
762.0,137.0, 15.000000, 0.732000, 1.000000
762.0,162.0, 15.000000, 0.732000, 1.000000
762.0,187.0, 15.000000, 0.732000, 1.000000
762.0,212.0, 15.000000, 0.732000, 1.000000
762.0,237.0, 15.000000, 0.732000, 1.000000
762.0,262.0, 15.000000, 0.732000, 1.000000
762.0,287.0, 15.000000, 0.732000, 1.000000
762.0,312.0, 15.000000, 0.732000, 1.000000
762.0,337.0, 15.000000, 0.732000, 1.000000
762.0,362.0, 15.000000, 0.732000, 1.000000
762.0,387.0, 15.000000, 0.732000, 1.000000
762.0,412.0, 15.000000, 0.732000, 1.000000
762.0,437.0, 15.000000, 0.732000, 1.000000
762.0,462.0, 15.000000, 0.732000, 1.000000
762.0,487.0, 15.000000, 0.732000, 1.000000
762.0,512.0, 15.000000, 0.732000, 1.000000
762.0,537.0, 15.000000, 0.732000, 1.000000
762.0,562.0, 15.000000, 0.732000, 1.000000
762.0,587.0, 15.000000, 0.732000, 1.000000
762.0,612.0, 15.000000, 0.732000, 1.000000
762.0,637.0, 15.000000, 0.732000, 1.000000
762.0,662.0, 15.000000, 0.732000, 1.000000
762.0,687.0, 15.000000, 0.732000, 1.000000
762.0,712.0, 15.000000, 0.732000, 1.000000
762.0,737.0, 15.000000, 0.732000, 1.000000
762.0,762.0, 15.000000, 0.732000, 1.000000
762.0,787.0, 15.000000, 0.732000, 1.000000
762.0,812.0, 15.000000, 0.732000, 1.000000
762.0,837.0, 15.000000, 0.732000, 1.000000
762.0,862.0, 15.000000, 0.732000, 1.000000
762.0,887.0, 15.000000, 0.732000, 1.000000
762.0,912.0, 15.000000, 0.732000, 1.000000
762.0,937.0, 15.000000, 0.732000, 1.000000
762.0,962.0, 15.000000, 0.732000, 1.000000
762.0,987.0, 15.000000, 0.732000, 1.000000
787.0,12.0, 15.000000, 0.732000, 1.000000
787.0,37.0, 15.000000, 0.732000, 1.000000
787.0,62.0, 15.000000, 0.732000, 1.000000
787.0,87.0, 15.000000, 0.732000, 1.000000
787.0,112.0, 15.000000, 0.732000, 1.000000
787.0,137.0, 15.000000, 0.732000, 1.000000
787.0,162.0, 15.000000, 0.732000, 1.000000
787.0,187.0, 15.000000, 0.732000, 1.000000
787.0,212.0, 15.000000, 0.732000, 1.000000
787.0,237.0, 15.000000, 0.732000, 1.000000
787.0,262.0, 15.000000, 0.732000, 1.000000
787.0,287.0, 15.000000, 0.732000, 1.000000
787.0,312.0, 15.000000, 0.732000, 1.000000
787.0,337.0, 15.000000, 0.732000, 1.000000
787.0,362.0, 15.000000, 0.732000, 1.000000
787.0,387.0, 15.000000, 0.732000, 1.000000
787.0,412.0, 15.000000, 0.732000, 1.000000
787.0,437.0, 15.000000, 0.732000, 1.000000
787.0,462.0, 15.000000, 0.732000, 1.000000
787.0,487.0, 15.000000, 0.732000, 1.000000
787.0,512.0, 15.000000, 0.732000, 1.000000
787.0,537.0, 15.000000, 0.732000, 1.000000
787.0,562.0, 15.000000, 0.732000, 1.000000
787.0,587.0, 15.000000, 0.732000, 1.000000
787.0,612.0, 15.000000, 0.732000, 1.000000
787.0,637.0, 15.000000, 0.732000, 1.000000
787.0,662.0, 15.000000, 0.732000, 1.000000
787.0,687.0, 15.000000, 0.732000, 1.000000
787.0,712.0, 15.000000, 0.732000, 1.000000
787.0,737.0, 15.000000, 0.732000, 1.000000
787.0,762.0, 15.000000, 0.732000, 1.000000
787.0,787.0, 15.000000, 0.732000, 1.000000
787.0,812.0, 15.000000, 0.732000, 1.000000
787.0,837.0, 15.000000, 0.732000, 1.000000
787.0,862.0, 15.000000, 0.732000, 1.000000
787.0,887.0, 15.000000, 0.732000, 1.000000
787.0,912.0, 15.000000, 0.732000, 1.000000
787.0,937.0, 15.000000, 0.732000, 1.000000
787.0,962.0, 15.000000, 0.732000, 1.000000
787.0,987.0, 15.000000, 0.732000, 1.000000
812.0,12.0, 15.000000, 0.732000, 1.000000
812.0,37.0, 15.000000, 0.732000, 1.000000
812.0,62.0, 15.000000, 0.732000, 1.000000
812.0,87.0, 15.000000, 0.732000, 1.000000
812.0,112.0, 15.000000, 0.732000, 1.000000
812.0,137.0, 15.000000, 0.732000, 1.000000
812.0,162.0, 15.000000, 0.732000, 1.000000
812.0,187.0, 15.000000, 0.732000, 1.000000
812.0,212.0, 15.000000, 0.732000, 1.000000
812.0,237.0, 15.000000, 0.732000, 1.000000
812.0,262.0, 15.000000, 0.732000, 1.000000
812.0,287.0, 15.000000, 0.732000, 1.000000
812.0,312.0, 15.000000, 0.732000, 1.000000
812.0,337.0, 15.000000, 0.732000, 1.000000
812.0,362.0, 15.000000, 0.732000, 1.000000
812.0,387.0, 15.000000, 0.732000, 1.000000
812.0,412.0, 15.000000, 0.732000, 1.000000
812.0,437.0, 15.000000, 0.732000, 1.000000
812.0,462.0, 15.000000, 0.732000, 1.000000
812.0,487.0, 15.000000, 0.732000, 1.000000
812.0,512.0, 15.000000, 0.732000, 1.000000
812.0,537.0, 15.000000, 0.732000, 1.000000
812.0,562.0, 15.000000, 0.732000, 1.000000
812.0,587.0, 15.000000, 0.732000, 1.000000
812.0,612.0, 15.000000, 0.732000, 1.000000
812.0,637.0, 15.000000, 0.732000, 1.000000
812.0,662.0, 15.000000, 0.732000, 1.000000
812.0,687.0, 15.000000, 0.732000, 1.000000
812.0,712.0, 15.000000, 0.732000, 1.000000
812.0,737.0, 15.000000, 0.732000, 1.000000
812.0,762.0, 15.000000, 0.732000, 1.000000
812.0,787.0, 15.000000, 0.732000, 1.000000
812.0,812.0, 15.000000, 0.732000, 1.000000
812.0,837.0, 15.000000, 0.732000, 1.000000
812.0,862.0, 15.000000, 0.732000, 1.000000
812.0,887.0, 15.000000, 0.732000, 1.000000
812.0,912.0, 15.000000, 0.732000, 1.000000
812.0,937.0, 15.000000, 0.732000, 1.000000
812.0,962.0, 15.000000, 0.732000, 1.000000
812.0,987.0, 15.000000, 0.732000, 1.000000
837.0,12.0, 15.000000, 0.732000, 1.000000
837.0,37.0, 15.000000, 0.732000, 1.000000
837.0,62.0, 15.000000, 0.732000, 1.000000
837.0,87.0, 15.000000, 0.732000, 1.000000
837.0,112.0, 15.000000, 0.732000, 1.000000
837.0,137.0, 15.000000, 0.732000, 1.000000
837.0,162.0, 15.000000, 0.732000, 1.000000
837.0,187.0, 15.000000, 0.732000, 1.000000
837.0,212.0, 15.000000, 0.732000, 1.000000
837.0,237.0, 15.000000, 0.732000, 1.000000
837.0,262.0, 15.000000, 0.732000, 1.000000
837.0,287.0, 15.000000, 0.732000, 1.000000
837.0,312.0, 15.000000, 0.732000, 1.000000
837.0,337.0, 15.000000, 0.732000, 1.000000
837.0,362.0, 15.000000, 0.732000, 1.000000
837.0,387.0, 15.000000, 0.732000, 1.000000
837.0,412.0, 15.000000, 0.732000, 1.000000
837.0,437.0, 15.000000, 0.732000, 1.000000
837.0,462.0, 15.000000, 0.732000, 1.000000
837.0,487.0, 15.000000, 0.732000, 1.000000
837.0,512.0, 15.000000, 0.732000, 1.000000
837.0,537.0, 15.000000, 0.732000, 1.000000
837.0,562.0, 15.000000, 0.732000, 1.000000
837.0,587.0, 15.000000, 0.732000, 1.000000
837.0,612.0, 15.000000, 0.732000, 1.000000
837.0,637.0, 15.000000, 0.732000, 1.000000
837.0,662.0, 15.000000, 0.732000, 1.000000
837.0,687.0, 15.000000, 0.732000, 1.000000
837.0,712.0, 15.000000, 0.732000, 1.000000
837.0,737.0, 15.000000, 0.732000, 1.000000
837.0,762.0, 15.000000, 0.732000, 1.000000
837.0,787.0, 15.000000, 0.732000, 1.000000
837.0,812.0, 15.000000, 0.732000, 1.000000
837.0,837.0, 15.000000, 0.732000, 1.000000
837.0,862.0, 15.000000, 0.732000, 1.000000
837.0,887.0, 15.000000, 0.732000, 1.000000
837.0,912.0, 15.000000, 0.732000, 1.000000
837.0,937.0, 15.000000, 0.732000, 1.000000
837.0,962.0, 15.000000, 0.732000, 1.000000
837.0,987.0, 15.000000, 0.732000, 1.000000
862.0,12.0, 15.000000, 0.732000, 1.000000
862.0,37.0, 15.000000, 0.732000, 1.000000
862.0,62.0, 15.000000, 0.732000, 1.000000
862.0,87.0, 15.000000, 0.732000, 1.000000
862.0,112.0, 15.000000, 0.732000, 1.000000
862.0,137.0, 15.000000, 0.732000, 1.000000
862.0,162.0, 15.000000, 0.732000, 1.000000
862.0,187.0, 15.000000, 0.732000, 1.000000
862.0,212.0, 15.000000, 0.732000, 1.000000
862.0,237.0, 15.000000, 0.732000, 1.000000
862.0,262.0, 15.000000, 0.732000, 1.000000
862.0,287.0, 15.000000, 0.732000, 1.000000
862.0,312.0, 15.000000, 0.732000, 1.000000
862.0,337.0, 15.000000, 0.732000, 1.000000
862.0,362.0, 15.000000, 0.732000, 1.000000
862.0,387.0, 15.000000, 0.732000, 1.000000
862.0,412.0, 15.000000, 0.732000, 1.000000
862.0,437.0, 15.000000, 0.732000, 1.000000
862.0,462.0, 15.000000, 0.732000, 1.000000
862.0,487.0, 15.000000, 0.732000, 1.000000
862.0,512.0, 15.000000, 0.732000, 1.000000
862.0,537.0, 15.000000, 0.732000, 1.000000
862.0,562.0, 15.000000, 0.732000, 1.000000
862.0,587.0, 15.000000, 0.732000, 1.000000
862.0,612.0, 15.000000, 0.732000, 1.000000
862.0,637.0, 15.000000, 0.732000, 1.000000
862.0,662.0, 15.000000, 0.732000, 1.000000
862.0,687.0, 15.000000, 0.732000, 1.000000
862.0,712.0, 15.000000, 0.732000, 1.000000
862.0,737.0, 15.000000, 0.732000, 1.000000
862.0,762.0, 15.000000, 0.732000, 1.000000
862.0,787.0, 15.000000, 0.732000, 1.000000
862.0,812.0, 15.000000, 0.732000, 1.000000
862.0,837.0, 15.000000, 0.732000, 1.000000
862.0,862.0, 15.000000, 0.732000, 1.000000
862.0,887.0, 15.000000, 0.732000, 1.000000
862.0,912.0, 15.000000, 0.732000, 1.000000
862.0,937.0, 15.000000, 0.732000, 1.000000
862.0,962.0, 15.000000, 0.732000, 1.000000
862.0,987.0, 15.000000, 0.732000, 1.000000
887.0,12.0, 15.000000, 0.732000, 1.000000
887.0,37.0, 15.000000, 0.732000, 1.000000
887.0,62.0, 15.000000, 0.732000, 1.000000
887.0,87.0, 15.000000, 0.732000, 1.000000
887.0,112.0, 15.000000, 0.732000, 1.000000
887.0,137.0, 15.000000, 0.732000, 1.000000
887.0,162.0, 15.000000, 0.732000, 1.000000
887.0,187.0, 15.000000, 0.732000, 1.000000
887.0,212.0, 15.000000, 0.732000, 1.000000
887.0,237.0, 15.000000, 0.732000, 1.000000
887.0,262.0, 15.000000, 0.732000, 1.000000
887.0,287.0, 15.000000, 0.732000, 1.000000
887.0,312.0, 15.000000, 0.732000, 1.000000
887.0,337.0, 15.000000, 0.732000, 1.000000
887.0,362.0, 15.000000, 0.732000, 1.000000
887.0,387.0, 15.000000, 0.732000, 1.000000
887.0,412.0, 15.000000, 0.732000, 1.000000
887.0,437.0, 15.000000, 0.732000, 1.000000
887.0,462.0, 15.000000, 0.732000, 1.000000
887.0,487.0, 15.000000, 0.732000, 1.000000
887.0,512.0, 15.000000, 0.732000, 1.000000
887.0,537.0, 15.000000, 0.732000, 1.000000
887.0,562.0, 15.000000, 0.732000, 1.000000
887.0,587.0, 15.000000, 0.732000, 1.000000
887.0,612.0, 15.000000, 0.732000, 1.000000
887.0,637.0, 15.000000, 0.732000, 1.000000
887.0,662.0, 15.000000, 0.732000, 1.000000
887.0,687.0, 15.000000, 0.732000, 1.000000
887.0,712.0, 15.000000, 0.732000, 1.000000
887.0,737.0, 15.000000, 0.732000, 1.000000
887.0,762.0, 15.000000, 0.732000, 1.000000
887.0,787.0, 15.000000, 0.732000, 1.000000
887.0,812.0, 15.000000, 0.732000, 1.000000
887.0,837.0, 15.000000, 0.732000, 1.000000
887.0,862.0, 15.000000, 0.732000, 1.000000
887.0,887.0, 15.000000, 0.732000, 1.000000
887.0,912.0, 15.000000, 0.732000, 1.000000
887.0,937.0, 15.000000, 0.732000, 1.000000
887.0,962.0, 15.000000, 0.732000, 1.000000
887.0,987.0, 15.000000, 0.732000, 1.000000
912.0,12.0, 15.000000, 0.732000, 1.000000
912.0,37.0, 15.000000, 0.732000, 1.000000
912.0,62.0, 15.000000, 0.732000, 1.000000
912.0,87.0, 15.000000, 0.732000, 1.000000
912.0,112.0, 15.000000, 0.732000, 1.000000
912.0,137.0, 15.000000, 0.732000, 1.000000
912.0,162.0, 15.000000, 0.732000, 1.000000
912.0,187.0, 15.000000, 0.732000, 1.000000
912.0,212.0, 15.000000, 0.732000, 1.000000
912.0,237.0, 15.000000, 0.732000, 1.000000
912.0,262.0, 15.000000, 0.732000, 1.000000
912.0,287.0, 15.000000, 0.732000, 1.000000
912.0,312.0, 15.000000, 0.732000, 1.000000
912.0,337.0, 15.000000, 0.732000, 1.000000
912.0,362.0, 15.000000, 0.732000, 1.000000
912.0,387.0, 15.000000, 0.732000, 1.000000
912.0,412.0, 15.000000, 0.732000, 1.000000
912.0,437.0, 15.000000, 0.732000, 1.000000
912.0,462.0, 15.000000, 0.732000, 1.000000
912.0,487.0, 15.000000, 0.732000, 1.000000
912.0,512.0, 15.000000, 0.732000, 1.000000
912.0,537.0, 15.000000, 0.732000, 1.000000
912.0,562.0, 15.000000, 0.732000, 1.000000
912.0,587.0, 15.000000, 0.732000, 1.000000
912.0,612.0, 15.000000, 0.732000, 1.000000
912.0,637.0, 15.000000, 0.732000, 1.000000
912.0,662.0, 15.000000, 0.732000, 1.000000
912.0,687.0, 15.000000, 0.732000, 1.000000
912.0,712.0, 15.000000, 0.732000, 1.000000
912.0,737.0, 15.000000, 0.732000, 1.000000
912.0,762.0, 15.000000, 0.732000, 1.000000
912.0,787.0, 15.000000, 0.732000, 1.000000
912.0,812.0, 15.000000, 0.732000, 1.000000
912.0,837.0, 15.000000, 0.732000, 1.000000
912.0,862.0, 15.000000, 0.732000, 1.000000
912.0,887.0, 15.000000, 0.732000, 1.000000
912.0,912.0, 15.000000, 0.732000, 1.000000
912.0,937.0, 15.000000, 0.732000, 1.000000
912.0,962.0, 15.000000, 0.732000, 1.000000
912.0,987.0, 15.000000, 0.732000, 1.000000
937.0,12.0, 15.000000, 0.732000, 1.000000
937.0,37.0, 15.000000, 0.732000, 1.000000
937.0,62.0, 15.000000, 0.732000, 1.000000
937.0,87.0, 15.000000, 0.732000, 1.000000
937.0,112.0, 15.000000, 0.732000, 1.000000
937.0,137.0, 15.000000, 0.732000, 1.000000
937.0,162.0, 15.000000, 0.732000, 1.000000
937.0,187.0, 15.000000, 0.732000, 1.000000
937.0,212.0, 15.000000, 0.732000, 1.000000
937.0,237.0, 15.000000, 0.732000, 1.000000
937.0,262.0, 15.000000, 0.732000, 1.000000
937.0,287.0, 15.000000, 0.732000, 1.000000
937.0,312.0, 15.000000, 0.732000, 1.000000
937.0,337.0, 15.000000, 0.732000, 1.000000
937.0,362.0, 15.000000, 0.732000, 1.000000
937.0,387.0, 15.000000, 0.732000, 1.000000
937.0,412.0, 15.000000, 0.732000, 1.000000
937.0,437.0, 15.000000, 0.732000, 1.000000
937.0,462.0, 15.000000, 0.732000, 1.000000
937.0,487.0, 15.000000, 0.732000, 1.000000
937.0,512.0, 15.000000, 0.732000, 1.000000
937.0,537.0, 15.000000, 0.732000, 1.000000
937.0,562.0, 15.000000, 0.732000, 1.000000
937.0,587.0, 15.000000, 0.732000, 1.000000
937.0,612.0, 15.000000, 0.732000, 1.000000
937.0,637.0, 15.000000, 0.732000, 1.000000
937.0,662.0, 15.000000, 0.732000, 1.000000
937.0,687.0, 15.000000, 0.732000, 1.000000
937.0,712.0, 15.000000, 0.732000, 1.000000
937.0,737.0, 15.000000, 0.732000, 1.000000
937.0,762.0, 15.000000, 0.732000, 1.000000
937.0,787.0, 15.000000, 0.732000, 1.000000
937.0,812.0, 15.000000, 0.732000, 1.000000
937.0,837.0, 15.000000, 0.732000, 1.000000
937.0,862.0, 15.000000, 0.732000, 1.000000
937.0,887.0, 15.000000, 0.732000, 1.000000
937.0,912.0, 15.000000, 0.732000, 1.000000
937.0,937.0, 15.000000, 0.732000, 1.000000
937.0,962.0, 15.000000, 0.732000, 1.000000
937.0,987.0, 15.000000, 0.732000, 1.000000
962.0,12.0, 15.000000, 0.732000, 1.000000
962.0,37.0, 15.000000, 0.732000, 1.000000
962.0,62.0, 15.000000, 0.732000, 1.000000
962.0,87.0, 15.000000, 0.732000, 1.000000
962.0,112.0, 15.000000, 0.732000, 1.000000
962.0,137.0, 15.000000, 0.732000, 1.000000
962.0,162.0, 15.000000, 0.732000, 1.000000
962.0,187.0, 15.000000, 0.732000, 1.000000
962.0,212.0, 15.000000, 0.732000, 1.000000
962.0,237.0, 15.000000, 0.732000, 1.000000
962.0,262.0, 15.000000, 0.732000, 1.000000
962.0,287.0, 15.000000, 0.732000, 1.000000
962.0,312.0, 15.000000, 0.732000, 1.000000
962.0,337.0, 15.000000, 0.732000, 1.000000
962.0,362.0, 15.000000, 0.732000, 1.000000
962.0,387.0, 15.000000, 0.732000, 1.000000
962.0,412.0, 15.000000, 0.732000, 1.000000
962.0,437.0, 15.000000, 0.732000, 1.000000
962.0,462.0, 15.000000, 0.732000, 1.000000
962.0,487.0, 15.000000, 0.732000, 1.000000
962.0,512.0, 15.000000, 0.732000, 1.000000
962.0,537.0, 15.000000, 0.732000, 1.000000
962.0,562.0, 15.000000, 0.732000, 1.000000
962.0,587.0, 15.000000, 0.732000, 1.000000
962.0,612.0, 15.000000, 0.732000, 1.000000
962.0,637.0, 15.000000, 0.732000, 1.000000
962.0,662.0, 15.000000, 0.732000, 1.000000
962.0,687.0, 15.000000, 0.732000, 1.000000
962.0,712.0, 15.000000, 0.732000, 1.000000
962.0,737.0, 15.000000, 0.732000, 1.000000
962.0,762.0, 15.000000, 0.732000, 1.000000
962.0,787.0, 15.000000, 0.732000, 1.000000
962.0,812.0, 15.000000, 0.732000, 1.000000
962.0,837.0, 15.000000, 0.732000, 1.000000
962.0,862.0, 15.000000, 0.732000, 1.000000
962.0,887.0, 15.000000, 0.732000, 1.000000
962.0,912.0, 15.000000, 0.732000, 1.000000
962.0,937.0, 15.000000, 0.732000, 1.000000
962.0,962.0, 15.000000, 0.732000, 1.000000
962.0,987.0, 15.000000, 0.732000, 1.000000
987.0,12.0, 15.000000, 0.732000, 1.000000
987.0,37.0, 15.000000, 0.732000, 1.000000
987.0,62.0, 15.000000, 0.732000, 1.000000
987.0,87.0, 15.000000, 0.732000, 1.000000
987.0,112.0, 15.000000, 0.732000, 1.000000
987.0,137.0, 15.000000, 0.732000, 1.000000
987.0,162.0, 15.000000, 0.732000, 1.000000
987.0,187.0, 15.000000, 0.732000, 1.000000
987.0,212.0, 15.000000, 0.732000, 1.000000
987.0,237.0, 15.000000, 0.732000, 1.000000
987.0,262.0, 15.000000, 0.732000, 1.000000
987.0,287.0, 15.000000, 0.732000, 1.000000
987.0,312.0, 15.000000, 0.732000, 1.000000
987.0,337.0, 15.000000, 0.732000, 1.000000
987.0,362.0, 15.000000, 0.732000, 1.000000
987.0,387.0, 15.000000, 0.732000, 1.000000
987.0,412.0, 15.000000, 0.732000, 1.000000
987.0,437.0, 15.000000, 0.732000, 1.000000
987.0,462.0, 15.000000, 0.732000, 1.000000
987.0,487.0, 15.000000, 0.732000, 1.000000
987.0,512.0, 15.000000, 0.732000, 1.000000
987.0,537.0, 15.000000, 0.732000, 1.000000
987.0,562.0, 15.000000, 0.732000, 1.000000
987.0,587.0, 15.000000, 0.732000, 1.000000
987.0,612.0, 15.000000, 0.732000, 1.000000
987.0,637.0, 15.000000, 0.732000, 1.000000
987.0,662.0, 15.000000, 0.732000, 1.000000
987.0,687.0, 15.000000, 0.732000, 1.000000
987.0,712.0, 15.000000, 0.732000, 1.000000
987.0,737.0, 15.000000, 0.732000, 1.000000
987.0,762.0, 15.000000, 0.732000, 1.000000
987.0,787.0, 15.000000, 0.732000, 1.000000
987.0,812.0, 15.000000, 0.732000, 1.000000
987.0,837.0, 15.000000, 0.732000, 1.000000
987.0,862.0, 15.000000, 0.732000, 1.000000
987.0,887.0, 15.000000, 0.732000, 1.000000
987.0,912.0, 15.000000, 0.732000, 1.000000
987.0,937.0, 15.000000, 0.732000, 1.000000
987.0,962.0, 15.000000, 0.732000, 1.000000
987.0,987.0, 15.000000, 0.732000, 1.000000
