484.10779064031215 1995.6424308003507 1 0.388882393442197
3165.7923636744417 3312.205633544672 1 0.388882393442197
3465.307732512479 2883.431481258698 1 0.388882393442197
2939.9689251782224 2350.603512697483 1 0.388882393442197
1211.5482243416707 1961.8993764423456 1 0.388882393442197
2224.816872596141 2485.335824597906 1 0.388882393442197
2869.8071896160973 1842.8475105709383 1 0.388882393442197
3923.724516337884 426.0952913130116 1 0.388882393442197
1521.1177715083948 3725.5332212653375 1 0.388882393442197
1627.5369781089516 1201.0983312951575 1 0.388882393442197
1413.961302118425 871.884189387195 1 0.388882393442197
2871.405692481667 105.81290716918134 1 0.388882393442197
3548.173086349824 2477.8039662983565 1 0.388882393442197
2020.5654718958917 3853.3626755256773 1 0.388882393442197
3763.45211764236 1182.4849907144066 1 0.388882393442197
2393.570434968115 1387.50048012178 1 0.388882393442197
2181.427891719637 793.4992193694148 1 0.388882393442197
2216.0735591055013 2338.6736205667185 1 0.388882393442197
2769.076090826395 1739.1861111469243 1 0.388882393442197
2213.6899628304436 35.61384847202697 1 0.388882393442197
69.85603136996676 1169.3780767534117 1 0.388882393442197
1087.7895921135457 2309.083248099613 1 0.388882393442197
1562.122622184571 1448.0831828818816 1 0.388882393442197
34.90880243878492 3343.6292012742906 1 0.388882393442197
1310.1729730705101 3247.809088397632 1 0.388882393442197
2640.1037844884004 444.5711393487719 1 0.388882393442197
3978.363563315463 900.2014294537313 1 0.388882393442197
1686.0211559174547 1620.5985882789498 1 0.388882393442197
3030.580448197765 1622.3549109379967 1 0.388882393442197
3589.5228179755222 3958.4700680021715 1 0.388882393442197
1960.428946635768 894.3944464039655 1 0.388882393442197
2313.939633837426 2379.8601685032754 1 0.388882393442197
1408.8691690550395 3869.5489543980602 1 0.388882393442197
1839.765375340007 3902.0025953916684 1 0.388882393442197
2065.7344954474434 674.5521885546491 1 0.388882393442197
295.26480129403024 2814.147567569965 1 0.388882393442197
2341.057259909683 867.7772634603898 1 0.388882393442197
2834.8047713169253 3342.717289208912 1 0.388882393442197
2318.1645301791273 2553.314391517699 1 0.388882393442197
2850.619059217429 420.6773694664703 1 0.388882393442197
2600.1624477407213 2379.14703481164 1 0.388882393442197
3509.799216509216 2024.2844609266251 1 0.388882393442197
657.016210271268 3934.380521952499 1 0.388882393442197
172.5113753446661 1322.0065285412882 1 0.388882393442197
540.4055821145479 3505.0038377613632 1 0.388882393442197
2402.3975209268474 2267.527940972068 1 0.388882393442197
2296.3694403434147 1655.9275837926166 1 0.388882393442197
754.3183468279713 2645.928309480877 1 0.388882393442197
2188.6758575132108 2179.669241733725 1 0.388882393442197
3669.631067982212 1155.4601935772814 1 0.388882393442197
