34.994104110998 28.230972658762077 1 0.388882393442197
79.93752357103669 66.68229833571236 1 0.388882393442197
93.58027519676129 78.87748488227851 1 0.388882393442197
5.326681887776563 44.28458569630489 1 0.388882393442197
39.66712098247361 42.43236011997242 1 0.388882393442197
32.42252164258841 20.770639223032916 1 0.388882393442197
15.37074287035215 16.48321114370993 1 0.388882393442197
63.639241322870745 78.6810203610886 1 0.388882393442197
24.98524668377383 14.517920437604548 1 0.388882393442197
0.9464256465747001 44.850254549880944 1 0.388882393442197
75.41565708303112 35.81079770125465 1 0.388882393442197
84.79917887801915 94.32226468160569 1 0.388882393442197
34.186161332782895 9.784818183774702 1 0.388882393442197
93.655513479917 24.05414409612495 1 0.388882393442197
74.33901217170744 86.74866013930207 1 0.388882393442197
87.07204767440268 43.31499779843113 1 0.388882393442197
35.73911740216291 8.828505381760788 1 0.388882393442197
37.76312901707014 5.472305066292737 1 0.388882393442197
47.10403832821819 84.51879932721556 1 0.388882393442197
96.19149003277087 67.506778035798 1 0.388882393442197
7.576574921318668 58.34982720614909 1 0.388882393442197
43.05913372872957 86.28127901424651 1 0.388882393442197
78.97168663549778 31.481144267493676 1 0.388882393442197
32.374081339987995 84.15386615806902 1 0.388882393442197
12.599899724857089 3.183212528115864 1 0.388882393442197
84.77853601070515 27.335469013727465 1 0.388882393442197
89.92547623665075 47.85324697011283 1 0.388882393442197
45.76398308949451 16.30892872128038 1 0.388882393442197
54.68873887949599 79.94453892487402 1 0.388882393442197
73.27114676113257 97.53525891714993 1 0.388882393442197
96.44908429089843 75.69779089733657 1 0.388882393442197
38.920520947726104 87.79456547875249 1 0.388882393442197
16.086034254659843 47.64046751329404 1 0.388882393442197
18.423213934031736 81.8335435443543 1 0.388882393442197
12.281707541148334 90.74372493139133 1 0.388882393442197
94.88418762678815 77.25043196414327 1 0.388882393442197
68.79753159798744 19.42270209759687 1 0.388882393442197
92.61227265556309 9.996206466374424 1 0.388882393442197
48.52415844837338 92.47064285018767 1 0.388882393442197
1.764217063514828 45.31467975501335 1 0.388882393442197
60.18522327096717 29.71655392750887 1 0.388882393442197
75.79797647823507 96.81135166957304 1 0.388882393442197
91.22438988526048 52.69018364490275 1 0.388882393442197
70.63061871289167 9.601369153553296 1 0.388882393442197
4.179602636575486 19.405675703487766 1 0.388882393442197
1.3411924296286015 14.455459381471936 1 0.388882393442197
71.16102665301052 76.70985710743348 1 0.388882393442197
29.88862148959597 54.233967402840435 1 0.388882393442197
25.651939203312857 46.05194235380533 1 0.388882393442197
0.8838361736330791 32.7934080552755 1 0.388882393442197
