1933.8690586846337 1609.392982208635 1 0.388882393442197
272.8733006782824 2388.75834412417 1 0.388882393442197
3497.3343626218393 3428.902652481668 1 0.388882393442197
3526.369009562556 1409.0563721148962 1 0.388882393442197
624.8507363501674 3458.0626948100044 1 0.388882393442197
1059.4572964946415 157.94109770275443 1 0.388882393442197
1631.1257048590364 1657.3740135412916 1 0.388882393442197
3651.264397608192 3968.010650985061 1 0.388882393442197
1092.9135696617554 1300.3082062049862 1 0.388882393442197
1189.746892760685 2542.2943328473907 1 0.388882393442197
2470.3550585074477 1835.8478794866105 1 0.388882393442197
2719.4015141262307 3930.096340579085 1 0.388882393442197
409.49015892238936 1639.1058072320432 1 0.388882393442197
1689.4678498436276 374.99162171203307 1 0.388882393442197
2943.5420083208523 562.8120097892726 1 0.388882393442197
1499.838265976672 444.06227498163145 1 0.388882393442197
2849.111201010179 3513.3805477954847 1 0.388882393442197
1136.5319987872113 730.0995607396862 1 0.388882393442197
383.20082377289697 1101.3230505682739 1 0.388882393442197
3962.7135856145865 389.33678487221755 1 0.388882393442197
3536.9019368466343 3689.3069038448075 1 0.388882393442197
540.592958072367 3676.916993488136 1 0.388882393442197
3158.090285734453 2563.3430153367517 1 0.388882393442197
3827.5836257692886 3801.2688186381038 1 0.388882393442197
1736.1111341967242 2329.5265673943404 1 0.388882393442197
3415.2746417180833 2759.76294583989 1 0.388882393442197
2723.322575070719 3528.927713137496 1 0.388882393442197
283.8773481103898 2703.005404141267 1 0.388882393442197
719.3966577394111 2137.3388856750435 1 0.388882393442197
1137.4007643132202 479.3778052047739 1 0.388882393442197
578.2546777706461 2984.568288648495 1 0.388882393442197
2725.992237749534 3408.786778152036 1 0.388882393442197
2155.094339504056 568.0029617876272 1 0.388882393442197
2549.54901798681 1288.300900094856 1 0.388882393442197
2182.446408704703 1003.6528227831991 1 0.388882393442197
1576.1402685622324 2707.3896190068285 1 0.388882393442197
3656.623281540811 595.711253312984 1 0.388882393442197
3827.605246179227 1043.450712367909 1 0.388882393442197
792.425668161488 3446.7249649652936 1 0.388882393442197
2594.682033639523 2808.810201424105 1 0.388882393442197
860.6701780861416 1366.6271087837495 1 0.388882393442197
2188.665106409706 3829.2298896921216 1 0.388882393442197
3322.58315889177 3117.6682150487777 1 0.388882393442197
2668.7285892230425 1174.9436776948637 1 0.388882393442197
1050.786490215419 2143.8792338672793 1 0.388882393442197
2641.0863282641517 2351.052681977065 1 0.388882393442197
1181.0014654128277 593.5471475470853 1 0.388882393442197
2924.6600377495874 308.66986192718883 1 0.388882393442197
2279.3033476654405 475.44906031071844 1 0.388882393442197
379.67504054460875 1021.2102061201654 1 0.388882393442197
852.5164558074994 562.8855365847562 1 0.388882393442197
2311.794411546477 2200.2041473020417 1 0.388882393442197
2935.6730569698707 3762.925078124615 1 0.388882393442197
1621.0572792489484 3105.7334982080843 1 0.388882393442197
995.2970219339869 3920.6616163160047 1 0.388882393442197
782.1904137934989 2947.762754238362 1 0.388882393442197
98.68163864253133 1061.612616066314 1 0.388882393442197
88.30398367868541 3510.954626415311 1 0.388882393442197
3164.7270648944695 3155.0745309267677 1 0.388882393442197
2350.918666070155 166.92021050953844 1 0.388882393442197
1830.5531578406456 192.88588374714476 1 0.388882393442197
1123.8534275561026 953.9693468372099 1 0.388882393442197
2595.4114413155235 2150.1903368443227 1 0.388882393442197
2158.3053095511386 3929.774992220954 1 0.388882393442197
929.073175464067 2429.4426197498733 1 0.388882393442197
227.91917180411136 1528.7740398422209 1 0.388882393442197
3514.4530254308524 3207.803494504684 1 0.388882393442197
458.3382988738265 550.2125901998292 1 0.388882393442197
2661.207299999433 3008.9125787055423 1 0.388882393442197
3346.1127326074916 2846.0953885522695 1 0.388882393442197
530.2829292618725 229.93712389765665 1 0.388882393442197
1639.066809633879 2349.3100660431332 1 0.388882393442197
3901.152607496882 915.2860931773934 1 0.388882393442197
167.71217289567898 3314.496234139079 1 0.388882393442197
3195.5437535203446 627.2057984788036 1 0.388882393442197
1796.6266840352528 2867.043321285456 1 0.388882393442197
2083.2193325598996 1234.659836786739 1 0.388882393442197
3998.817813326498 724.0012113978596 1 0.388882393442197
1612.1944771748815 2015.789187218815 1 0.388882393442197
1292.853402230241 391.108303756396 1 0.388882393442197
2428.082764330673 1169.1217773803673 1 0.388882393442197
906.5711794163533 2250.4770275930673 1 0.388882393442197
1619.9593189860666 3099.2993289065143 1 0.388882393442197
3229.3513039907766 3900.4679110806615 1 0.388882393442197
1813.4833415290345 734.1200246647745 1 0.388882393442197
107.02277084296652 1010.9766673293911 1 0.388882393442197
2784.7410024545 3516.889862488724 1 0.388882393442197
3127.178598797183 2841.050213683342 1 0.388882393442197
3680.2146846292057 987.4278200444367 1 0.388882393442197
3316.597656575017 2660.683048296333 1 0.388882393442197
1707.8685995323285 282.98362623577054 1 0.388882393442197
3583.4743802861353 3005.2819127836874 1 0.388882393442197
686.1167189139153 1808.0848737741478 1 0.388882393442197
490.64225143871363 2927.1684697048754 1 0.388882393442197
1800.5971081576427 2392.9572386766395 1 0.388882393442197
2477.428443476874 3684.489495357772 1 0.388882393442197
2519.7554176404306 2998.4417021813306 1 0.388882393442197
1695.1120657788592 3876.2353640246847 1 0.388882393442197
1545.3594975160554 1435.9519864412978 1 0.388882393442197
3508.0888939651168 3441.5056621949593 1 0.388882393442197
1906.6146351540633 440.8027754309853 1 0.388882393442197
2196.268781554346 2854.2278727140465 1 0.388882393442197
2159.3006727139596 3221.148578488997 1 0.388882393442197
3669.658270660937 3870.6194364014455 1 0.388882393442197
1037.8307585999505 1814.793581627833 1 0.388882393442197
3695.250759001997 429.30504538464567 1 0.388882393442197
3578.4948117177228 1473.6300057924416 1 0.388882393442197
2099.387776420671 166.94650095463004 1 0.388882393442197
3089.763674921678 1660.8007532927206 1 0.388882393442197
3939.415478523083 3478.3290495240203 1 0.388882393442197
2696.150001207369 2282.1144892549755 1 0.388882393442197
2590.939004538197 3595.7187310480567 1 0.388882393442197
3101.9134888916415 2510.4291308546417 1 0.388882393442197
2993.8037376627926 3750.30779426327 1 0.388882393442197
174.3330850623148 1304.9189294780645 1 0.388882393442197
2228.8737901187424 3790.482635557538 1 0.388882393442197
1297.3273202398082 2931.9274506893653 1 0.388882393442197
1512.785949379532 3833.5212034886904 1 0.388882393442197
669.3801788629843 592.750829104208 1 0.388882393442197
3167.0335879692625 2806.7689331064307 1 0.388882393442197
674.4877526710113 975.2542879907029 1 0.388882393442197
2183.2251358081303 2544.7446441589846 1 0.388882393442197
1092.6877074043534 2543.9586830810404 1 0.388882393442197
477.8994439670803 630.9572903280913 1 0.388882393442197
3302.6123529714278 1642.8857200894695 1 0.388882393442197
3920.6202584250846 3872.289720560967 1 0.388882393442197
1012.2558223078481 3073.832926285797 1 0.388882393442197
2337.9309554266256 103.12198146646034 1 0.388882393442197
3196.875526738105 884.1199417886392 1 0.388882393442197
1197.257856218826 2899.873240674321 1 0.388882393442197
1743.4146875111592 2865.5665934517315 1 0.388882393442197
1346.9774150860433 1651.7903954951682 1 0.388882393442197
1844.8026166064287 111.83830633544912 1 0.388882393442197
3849.7737675292196 571.2854141765216 1 0.388882393442197
855.2064130786947 302.4190467490615 1 0.388882393442197
2500.195915758757 184.7059844297503 1 0.388882393442197
1329.7914005159646 76.32455688031081 1 0.388882393442197
2577.166608767363 1455.6609070578045 1 0.388882393442197
2905.91664416916 615.1676196266052 1 0.388882393442197
2041.7818238264606 1919.198346105902 1 0.388882393442197
2332.35663324152 3444.691453894106 1 0.388882393442197
353.2865256678308 2757.8466767356736 1 0.388882393442197
2329.94010823903 905.3380848811728 1 0.388882393442197
28.723156708306607 2344.5391789567125 1 0.388882393442197
2465.7620340718017 2988.645541999786 1 0.388882393442197
600.4075159244837 2287.026352862028 1 0.388882393442197
2018.675421522262 1411.279910150839 1 0.388882393442197
1082.102156679591 3160.058803998425 1 0.388882393442197
863.9045854833079 1347.367952951478 1 0.388882393442197
137.3769747624247 1208.7253320088878 1 0.388882393442197
1039.8277563026554 3510.560192844836 1 0.388882393442197
1878.8114006135045 2955.144367667426 1 0.388882393442197
2093.242859127013 28.244885197626246 1 0.388882393442197
544.4814999209652 22.266608374315044 1 0.388882393442197
913.7203528163882 1700.0966689413933 1 0.388882393442197
2743.7583302908843 3894.324310735991 1 0.388882393442197
2043.0066640227503 2941.077516705189 1 0.388882393442197
2802.5140022494325 2234.1994835795354 1 0.388882393442197
1125.3555964113002 3186.312856021547 1 0.388882393442197
873.3342077541031 407.45886611498963 1 0.388882393442197
3756.8838064567544 3965.8435467102186 1 0.388882393442197
2126.974364806482 375.37435387301167 1 0.388882393442197
2584.514190652815 2507.038127426867 1 0.388882393442197
1411.077344805328 3870.617805644724 1 0.388882393442197
3834.590567702809 1700.044791051241 1 0.388882393442197
3277.128951637963 2314.2919349179942 1 0.388882393442197
1528.1864739476964 36.976050400225446 1 0.388882393442197
777.8922370886941 929.4173562262857 1 0.388882393442197
2410.0916010852566 1193.0178209982291 1 0.388882393442197
2965.9023220808085 1478.9740812037278 1 0.388882393442197
1488.607394322941 957.1539441266345 1 0.388882393442197
1516.7625870679 1677.4784923708057 1 0.388882393442197
3601.16597523115 53.41985010279737 1 0.388882393442197
2421.928191478193 1684.066759974812 1 0.388882393442197
2163.8628468441684 1281.902465773101 1 0.388882393442197
1495.6772260903292 1279.1384074868897 1 0.388882393442197
2394.3003491946497 2832.5897689283565 1 0.388882393442197
2563.012592319234 527.1613252921657 1 0.388882393442197
3682.2428565974406 3882.2064951349885 1 0.388882393442197
94.77046460435679 1053.835547105787 1 0.388882393442197
3387.908472327249 2225.234487949848 1 0.388882393442197
1991.4375617999176 296.3967853495122 1 0.388882393442197
3380.867668303367 2178.5885659115156 1 0.388882393442197
960.167621038155 2190.440088851753 1 0.388882393442197
1126.5875489558077 3933.8569896740296 1 0.388882393442197
2546.178570357794 2542.258040830315 1 0.388882393442197
1665.92960691999 470.46349505728637 1 0.388882393442197
2815.9298078647307 1236.1065111760863 1 0.388882393442197
2857.2615201441495 2320.4962187667948 1 0.388882393442197
2498.517480377917 110.64528361909387 1 0.388882393442197
3250.103166614425 3718.57359209338 1 0.388882393442197
2904.216051520554 2360.100806022597 1 0.388882393442197
1347.3989626502555 1237.9645794054218 1 0.388882393442197
102.60237194784327 3414.465737649124 1 0.388882393442197
1729.7688976025117 2942.5591855332623 1 0.388882393442197
3660.3263464952333 2557.42870579917 1 0.388882393442197
2272.764864789868 3602.796878015613 1 0.388882393442197
2635.0190423516915 616.9979087050161 1 0.388882393442197
840.8940821377189 532.1157634786503 1 0.388882393442197
1052.0461216734157 949.8515480263676 1 0.388882393442197
