3 3 1 0.388882393442197
3 10 1 0.388882393442197
3 16 1 0.388882393442197
3 23 1 0.388882393442197
3 30 1 0.388882393442197
3 36 1 0.388882393442197
3 43 1 0.388882393442197
3 50 1 0.388882393442197
3 56 1 0.388882393442197
3 63 1 0.388882393442197
3 70 1 0.388882393442197
3 76 1 0.388882393442197
3 83 1 0.388882393442197
3 90 1 0.388882393442197
3 96 1 0.388882393442197
10 3 1 0.388882393442197
10 10 1 0.388882393442197
10 16 1 0.388882393442197
10 23 1 0.388882393442197
10 30 1 0.388882393442197
10 36 1 0.388882393442197
10 43 1 0.388882393442197
10 50 1 0.388882393442197
10 56 1 0.388882393442197
10 63 1 0.388882393442197
10 70 1 0.388882393442197
10 76 1 0.388882393442197
10 83 1 0.388882393442197
10 90 1 0.388882393442197
10 96 1 0.388882393442197
16 3 1 0.388882393442197
16 10 1 0.388882393442197
16 16 1 0.388882393442197
16 23 1 0.388882393442197
16 30 1 0.388882393442197
16 36 1 0.388882393442197
16 43 1 0.388882393442197
16 50 1 0.388882393442197
16 56 1 0.388882393442197
16 63 1 0.388882393442197
16 70 1 0.388882393442197
16 76 1 0.388882393442197
16 83 1 0.388882393442197
16 90 1 0.388882393442197
16 96 1 0.388882393442197
23 3 1 0.388882393442197
23 10 1 0.388882393442197
23 16 1 0.388882393442197
23 23 1 0.388882393442197
23 30 1 0.388882393442197
23 36 1 0.388882393442197
23 43 1 0.388882393442197
23 50 1 0.388882393442197
23 56 1 0.388882393442197
23 63 1 0.388882393442197
23 70 1 0.388882393442197
23 76 1 0.388882393442197
23 83 1 0.388882393442197
23 90 1 0.388882393442197
23 96 1 0.388882393442197
30 3 1 0.388882393442197
30 10 1 0.388882393442197
30 16 1 0.388882393442197
30 23 1 0.388882393442197
30 30 1 0.388882393442197
30 36 1 0.388882393442197
30 43 1 0.388882393442197
30 50 1 0.388882393442197
30 56 1 0.388882393442197
30 63 1 0.388882393442197
30 70 1 0.388882393442197
30 76 1 0.388882393442197
30 83 1 0.388882393442197
30 90 1 0.388882393442197
30 96 1 0.388882393442197
36 3 1 0.388882393442197
36 10 1 0.388882393442197
36 16 1 0.388882393442197
36 23 1 0.388882393442197
36 30 1 0.388882393442197
36 36 1 0.388882393442197
36 43 1 0.388882393442197
36 50 1 0.388882393442197
36 56 1 0.388882393442197
36 63 1 0.388882393442197
36 70 1 0.388882393442197
36 76 1 0.388882393442197
36 83 1 0.388882393442197
36 90 1 0.388882393442197
36 96 1 0.388882393442197
43 3 1 0.388882393442197
43 10 1 0.388882393442197
43 16 1 0.388882393442197
43 23 1 0.388882393442197
43 30 1 0.388882393442197
43 36 1 0.388882393442197
43 43 1 0.388882393442197
43 50 1 0.388882393442197
43 56 1 0.388882393442197
43 63 1 0.388882393442197
43 70 1 0.388882393442197
43 76 1 0.388882393442197
43 83 1 0.388882393442197
43 90 1 0.388882393442197
43 96 1 0.388882393442197
50 3 1 0.388882393442197
50 10 1 0.388882393442197
50 16 1 0.388882393442197
50 23 1 0.388882393442197
50 30 1 0.388882393442197
50 36 1 0.388882393442197
50 43 1 0.388882393442197
50 50 1 0.388882393442197
50 56 1 0.388882393442197
50 63 1 0.388882393442197
50 70 1 0.388882393442197
50 76 1 0.388882393442197
50 83 1 0.388882393442197
50 90 1 0.388882393442197
50 96 1 0.388882393442197
56 3 1 0.388882393442197
56 10 1 0.388882393442197
56 16 1 0.388882393442197
56 23 1 0.388882393442197
56 30 1 0.388882393442197
56 36 1 0.388882393442197
56 43 1 0.388882393442197
56 50 1 0.388882393442197
56 56 1 0.388882393442197
56 63 1 0.388882393442197
56 70 1 0.388882393442197
56 76 1 0.388882393442197
56 83 1 0.388882393442197
56 90 1 0.388882393442197
56 96 1 0.388882393442197
63 3 1 0.388882393442197
63 10 1 0.388882393442197
63 16 1 0.388882393442197
63 23 1 0.388882393442197
63 30 1 0.388882393442197
63 36 1 0.388882393442197
63 43 1 0.388882393442197
63 50 1 0.388882393442197
63 56 1 0.388882393442197
63 63 1 0.388882393442197
63 70 1 0.388882393442197
63 76 1 0.388882393442197
63 83 1 0.388882393442197
63 90 1 0.388882393442197
63 96 1 0.388882393442197
70 3 1 0.388882393442197
70 10 1 0.388882393442197
70 16 1 0.388882393442197
70 23 1 0.388882393442197
70 30 1 0.388882393442197
70 36 1 0.388882393442197
70 43 1 0.388882393442197
70 50 1 0.388882393442197
70 56 1 0.388882393442197
70 63 1 0.388882393442197
70 70 1 0.388882393442197
70 76 1 0.388882393442197
70 83 1 0.388882393442197
70 90 1 0.388882393442197
70 96 1 0.388882393442197
76 3 1 0.388882393442197
76 10 1 0.388882393442197
76 16 1 0.388882393442197
76 23 1 0.388882393442197
76 30 1 0.388882393442197
76 36 1 0.388882393442197
76 43 1 0.388882393442197
76 50 1 0.388882393442197
76 56 1 0.388882393442197
76 63 1 0.388882393442197
76 70 1 0.388882393442197
76 76 1 0.388882393442197
76 83 1 0.388882393442197
76 90 1 0.388882393442197
76 96 1 0.388882393442197
83 3 1 0.388882393442197
83 10 1 0.388882393442197
83 16 1 0.388882393442197
83 23 1 0.388882393442197
83 30 1 0.388882393442197
83 36 1 0.388882393442197
83 43 1 0.388882393442197
83 50 1 0.388882393442197
83 56 1 0.388882393442197
83 63 1 0.388882393442197
83 70 1 0.388882393442197
83 76 1 0.388882393442197
83 83 1 0.388882393442197
83 90 1 0.388882393442197
83 96 1 0.388882393442197
90 3 1 0.388882393442197
90 10 1 0.388882393442197
90 16 1 0.388882393442197
90 23 1 0.388882393442197
90 30 1 0.388882393442197
90 36 1 0.388882393442197
90 43 1 0.388882393442197
90 50 1 0.388882393442197
90 56 1 0.388882393442197
90 63 1 0.388882393442197
90 70 1 0.388882393442197
90 76 1 0.388882393442197
90 83 1 0.388882393442197
90 90 1 0.388882393442197
90 96 1 0.388882393442197
96 3 1 0.388882393442197
96 10 1 0.388882393442197
96 16 1 0.388882393442197
96 23 1 0.388882393442197
96 30 1 0.388882393442197
96 36 1 0.388882393442197
96 43 1 0.388882393442197
96 50 1 0.388882393442197
96 56 1 0.388882393442197
96 63 1 0.388882393442197
96 70 1 0.388882393442197
96 76 1 0.388882393442197
96 83 1 0.388882393442197
96 90 1 0.388882393442197
96 96 1 0.388882393442197
