16.0,16.0, 15.000000, 0.732000, 1.000000
16.0,50.0, 15.000000, 0.732000, 1.000000
16.0,83.0, 15.000000, 0.732000, 1.000000
16.0,116.0, 15.000000, 0.732000, 1.000000
16.0,150.0, 15.000000, 0.732000, 1.000000
16.0,183.0, 15.000000, 0.732000, 1.000000
16.0,216.0, 15.000000, 0.732000, 1.000000
16.0,250.0, 15.000000, 0.732000, 1.000000
16.0,283.0, 15.000000, 0.732000, 1.000000
16.0,316.0, 15.000000, 0.732000, 1.000000
16.0,350.0, 15.000000, 0.732000, 1.000000
16.0,383.0, 15.000000, 0.732000, 1.000000
16.0,416.0, 15.000000, 0.732000, 1.000000
16.0,450.0, 15.000000, 0.732000, 1.000000
16.0,483.0, 15.000000, 0.732000, 1.000000
16.0,516.0, 15.000000, 0.732000, 1.000000
16.0,550.0, 15.000000, 0.732000, 1.000000
16.0,583.0, 15.000000, 0.732000, 1.000000
16.0,616.0, 15.000000, 0.732000, 1.000000
16.0,650.0, 15.000000, 0.732000, 1.000000
16.0,683.0, 15.000000, 0.732000, 1.000000
16.0,716.0, 15.000000, 0.732000, 1.000000
16.0,750.0, 15.000000, 0.732000, 1.000000
16.0,783.0, 15.000000, 0.732000, 1.000000
16.0,816.0, 15.000000, 0.732000, 1.000000
16.0,850.0, 15.000000, 0.732000, 1.000000
16.0,883.0, 15.000000, 0.732000, 1.000000
16.0,916.0, 15.000000, 0.732000, 1.000000
16.0,950.0, 15.000000, 0.732000, 1.000000
16.0,983.0, 15.000000, 0.732000, 1.000000
50.0,16.0, 15.000000, 0.732000, 1.000000
50.0,50.0, 15.000000, 0.732000, 1.000000
50.0,83.0, 15.000000, 0.732000, 1.000000
50.0,116.0, 15.000000, 0.732000, 1.000000
50.0,150.0, 15.000000, 0.732000, 1.000000
50.0,183.0, 15.000000, 0.732000, 1.000000
50.0,216.0, 15.000000, 0.732000, 1.000000
50.0,250.0, 15.000000, 0.732000, 1.000000
50.0,283.0, 15.000000, 0.732000, 1.000000
50.0,316.0, 15.000000, 0.732000, 1.000000
50.0,350.0, 15.000000, 0.732000, 1.000000
50.0,383.0, 15.000000, 0.732000, 1.000000
50.0,416.0, 15.000000, 0.732000, 1.000000
50.0,450.0, 15.000000, 0.732000, 1.000000
50.0,483.0, 15.000000, 0.732000, 1.000000
50.0,516.0, 15.000000, 0.732000, 1.000000
50.0,550.0, 15.000000, 0.732000, 1.000000
50.0,583.0, 15.000000, 0.732000, 1.000000
50.0,616.0, 15.000000, 0.732000, 1.000000
50.0,650.0, 15.000000, 0.732000, 1.000000
50.0,683.0, 15.000000, 0.732000, 1.000000
50.0,716.0, 15.000000, 0.732000, 1.000000
50.0,750.0, 15.000000, 0.732000, 1.000000
50.0,783.0, 15.000000, 0.732000, 1.000000
50.0,816.0, 15.000000, 0.732000, 1.000000
50.0,850.0, 15.000000, 0.732000, 1.000000
50.0,883.0, 15.000000, 0.732000, 1.000000
50.0,916.0, 15.000000, 0.732000, 1.000000
50.0,950.0, 15.000000, 0.732000, 1.000000
50.0,983.0, 15.000000, 0.732000, 1.000000
83.0,16.0, 15.000000, 0.732000, 1.000000
83.0,50.0, 15.000000, 0.732000, 1.000000
83.0,83.0, 15.000000, 0.732000, 1.000000
83.0,116.0, 15.000000, 0.732000, 1.000000
83.0,150.0, 15.000000, 0.732000, 1.000000
83.0,183.0, 15.000000, 0.732000, 1.000000
83.0,216.0, 15.000000, 0.732000, 1.000000
83.0,250.0, 15.000000, 0.732000, 1.000000
83.0,283.0, 15.000000, 0.732000, 1.000000
83.0,316.0, 15.000000, 0.732000, 1.000000
83.0,350.0, 15.000000, 0.732000, 1.000000
83.0,383.0, 15.000000, 0.732000, 1.000000
83.0,416.0, 15.000000, 0.732000, 1.000000
83.0,450.0, 15.000000, 0.732000, 1.000000
83.0,483.0, 15.000000, 0.732000, 1.000000
83.0,516.0, 15.000000, 0.732000, 1.000000
83.0,550.0, 15.000000, 0.732000, 1.000000
83.0,583.0, 15.000000, 0.732000, 1.000000
83.0,616.0, 15.000000, 0.732000, 1.000000
83.0,650.0, 15.000000, 0.732000, 1.000000
83.0,683.0, 15.000000, 0.732000, 1.000000
83.0,716.0, 15.000000, 0.732000, 1.000000
83.0,750.0, 15.000000, 0.732000, 1.000000
83.0,783.0, 15.000000, 0.732000, 1.000000
83.0,816.0, 15.000000, 0.732000, 1.000000
83.0,850.0, 15.000000, 0.732000, 1.000000
83.0,883.0, 15.000000, 0.732000, 1.000000
83.0,916.0, 15.000000, 0.732000, 1.000000
83.0,950.0, 15.000000, 0.732000, 1.000000
83.0,983.0, 15.000000, 0.732000, 1.000000
116.0,16.0, 15.000000, 0.732000, 1.000000
116.0,50.0, 15.000000, 0.732000, 1.000000
116.0,83.0, 15.000000, 0.732000, 1.000000
116.0,116.0, 15.000000, 0.732000, 1.000000
116.0,150.0, 15.000000, 0.732000, 1.000000
116.0,183.0, 15.000000, 0.732000, 1.000000
116.0,216.0, 15.000000, 0.732000, 1.000000
116.0,250.0, 15.000000, 0.732000, 1.000000
116.0,283.0, 15.000000, 0.732000, 1.000000
116.0,316.0, 15.000000, 0.732000, 1.000000
116.0,350.0, 15.000000, 0.732000, 1.000000
116.0,383.0, 15.000000, 0.732000, 1.000000
116.0,416.0, 15.000000, 0.732000, 1.000000
116.0,450.0, 15.000000, 0.732000, 1.000000
116.0,483.0, 15.000000, 0.732000, 1.000000
116.0,516.0, 15.000000, 0.732000, 1.000000
116.0,550.0, 15.000000, 0.732000, 1.000000
116.0,583.0, 15.000000, 0.732000, 1.000000
116.0,616.0, 15.000000, 0.732000, 1.000000
116.0,650.0, 15.000000, 0.732000, 1.000000
116.0,683.0, 15.000000, 0.732000, 1.000000
116.0,716.0, 15.000000, 0.732000, 1.000000
116.0,750.0, 15.000000, 0.732000, 1.000000
116.0,783.0, 15.000000, 0.732000, 1.000000
116.0,816.0, 15.000000, 0.732000, 1.000000
116.0,850.0, 15.000000, 0.732000, 1.000000
116.0,883.0, 15.000000, 0.732000, 1.000000
116.0,916.0, 15.000000, 0.732000, 1.000000
116.0,950.0, 15.000000, 0.732000, 1.000000
116.0,983.0, 15.000000, 0.732000, 1.000000
150.0,16.0, 15.000000, 0.732000, 1.000000
150.0,50.0, 15.000000, 0.732000, 1.000000
150.0,83.0, 15.000000, 0.732000, 1.000000
150.0,116.0, 15.000000, 0.732000, 1.000000
150.0,150.0, 15.000000, 0.732000, 1.000000
150.0,183.0, 15.000000, 0.732000, 1.000000
150.0,216.0, 15.000000, 0.732000, 1.000000
150.0,250.0, 15.000000, 0.732000, 1.000000
150.0,283.0, 15.000000, 0.732000, 1.000000
150.0,316.0, 15.000000, 0.732000, 1.000000
150.0,350.0, 15.000000, 0.732000, 1.000000
150.0,383.0, 15.000000, 0.732000, 1.000000
150.0,416.0, 15.000000, 0.732000, 1.000000
150.0,450.0, 15.000000, 0.732000, 1.000000
150.0,483.0, 15.000000, 0.732000, 1.000000
150.0,516.0, 15.000000, 0.732000, 1.000000
150.0,550.0, 15.000000, 0.732000, 1.000000
150.0,583.0, 15.000000, 0.732000, 1.000000
150.0,616.0, 15.000000, 0.732000, 1.000000
150.0,650.0, 15.000000, 0.732000, 1.000000
150.0,683.0, 15.000000, 0.732000, 1.000000
150.0,716.0, 15.000000, 0.732000, 1.000000
150.0,750.0, 15.000000, 0.732000, 1.000000
150.0,783.0, 15.000000, 0.732000, 1.000000
150.0,816.0, 15.000000, 0.732000, 1.000000
150.0,850.0, 15.000000, 0.732000, 1.000000
150.0,883.0, 15.000000, 0.732000, 1.000000
150.0,916.0, 15.000000, 0.732000, 1.000000
150.0,950.0, 15.000000, 0.732000, 1.000000
150.0,983.0, 15.000000, 0.732000, 1.000000
183.0,16.0, 15.000000, 0.732000, 1.000000
183.0,50.0, 15.000000, 0.732000, 1.000000
183.0,83.0, 15.000000, 0.732000, 1.000000
183.0,116.0, 15.000000, 0.732000, 1.000000
183.0,150.0, 15.000000, 0.732000, 1.000000
183.0,183.0, 15.000000, 0.732000, 1.000000
183.0,216.0, 15.000000, 0.732000, 1.000000
183.0,250.0, 15.000000, 0.732000, 1.000000
183.0,283.0, 15.000000, 0.732000, 1.000000
183.0,316.0, 15.000000, 0.732000, 1.000000
183.0,350.0, 15.000000, 0.732000, 1.000000
183.0,383.0, 15.000000, 0.732000, 1.000000
183.0,416.0, 15.000000, 0.732000, 1.000000
183.0,450.0, 15.000000, 0.732000, 1.000000
183.0,483.0, 15.000000, 0.732000, 1.000000
183.0,516.0, 15.000000, 0.732000, 1.000000
183.0,550.0, 15.000000, 0.732000, 1.000000
183.0,583.0, 15.000000, 0.732000, 1.000000
183.0,616.0, 15.000000, 0.732000, 1.000000
183.0,650.0, 15.000000, 0.732000, 1.000000
183.0,683.0, 15.000000, 0.732000, 1.000000
183.0,716.0, 15.000000, 0.732000, 1.000000
183.0,750.0, 15.000000, 0.732000, 1.000000
183.0,783.0, 15.000000, 0.732000, 1.000000
183.0,816.0, 15.000000, 0.732000, 1.000000
183.0,850.0, 15.000000, 0.732000, 1.000000
183.0,883.0, 15.000000, 0.732000, 1.000000
183.0,916.0, 15.000000, 0.732000, 1.000000
183.0,950.0, 15.000000, 0.732000, 1.000000
183.0,983.0, 15.000000, 0.732000, 1.000000
216.0,16.0, 15.000000, 0.732000, 1.000000
216.0,50.0, 15.000000, 0.732000, 1.000000
216.0,83.0, 15.000000, 0.732000, 1.000000
216.0,116.0, 15.000000, 0.732000, 1.000000
216.0,150.0, 15.000000, 0.732000, 1.000000
216.0,183.0, 15.000000, 0.732000, 1.000000
216.0,216.0, 15.000000, 0.732000, 1.000000
216.0,250.0, 15.000000, 0.732000, 1.000000
216.0,283.0, 15.000000, 0.732000, 1.000000
216.0,316.0, 15.000000, 0.732000, 1.000000
216.0,350.0, 15.000000, 0.732000, 1.000000
216.0,383.0, 15.000000, 0.732000, 1.000000
216.0,416.0, 15.000000, 0.732000, 1.000000
216.0,450.0, 15.000000, 0.732000, 1.000000
216.0,483.0, 15.000000, 0.732000, 1.000000
216.0,516.0, 15.000000, 0.732000, 1.000000
216.0,550.0, 15.000000, 0.732000, 1.000000
216.0,583.0, 15.000000, 0.732000, 1.000000
216.0,616.0, 15.000000, 0.732000, 1.000000
216.0,650.0, 15.000000, 0.732000, 1.000000
216.0,683.0, 15.000000, 0.732000, 1.000000
216.0,716.0, 15.000000, 0.732000, 1.000000
216.0,750.0, 15.000000, 0.732000, 1.000000
216.0,783.0, 15.000000, 0.732000, 1.000000
216.0,816.0, 15.000000, 0.732000, 1.000000
216.0,850.0, 15.000000, 0.732000, 1.000000
216.0,883.0, 15.000000, 0.732000, 1.000000
216.0,916.0, 15.000000, 0.732000, 1.000000
216.0,950.0, 15.000000, 0.732000, 1.000000
216.0,983.0, 15.000000, 0.732000, 1.000000
250.0,16.0, 15.000000, 0.732000, 1.000000
250.0,50.0, 15.000000, 0.732000, 1.000000
250.0,83.0, 15.000000, 0.732000, 1.000000
250.0,116.0, 15.000000, 0.732000, 1.000000
250.0,150.0, 15.000000, 0.732000, 1.000000
250.0,183.0, 15.000000, 0.732000, 1.000000
250.0,216.0, 15.000000, 0.732000, 1.000000
250.0,250.0, 15.000000, 0.732000, 1.000000
250.0,283.0, 15.000000, 0.732000, 1.000000
250.0,316.0, 15.000000, 0.732000, 1.000000
250.0,350.0, 15.000000, 0.732000, 1.000000
250.0,383.0, 15.000000, 0.732000, 1.000000
250.0,416.0, 15.000000, 0.732000, 1.000000
250.0,450.0, 15.000000, 0.732000, 1.000000
250.0,483.0, 15.000000, 0.732000, 1.000000
250.0,516.0, 15.000000, 0.732000, 1.000000
250.0,550.0, 15.000000, 0.732000, 1.000000
250.0,583.0, 15.000000, 0.732000, 1.000000
250.0,616.0, 15.000000, 0.732000, 1.000000
250.0,650.0, 15.000000, 0.732000, 1.000000
250.0,683.0, 15.000000, 0.732000, 1.000000
250.0,716.0, 15.000000, 0.732000, 1.000000
250.0,750.0, 15.000000, 0.732000, 1.000000
250.0,783.0, 15.000000, 0.732000, 1.000000
250.0,816.0, 15.000000, 0.732000, 1.000000
250.0,850.0, 15.000000, 0.732000, 1.000000
250.0,883.0, 15.000000, 0.732000, 1.000000
250.0,916.0, 15.000000, 0.732000, 1.000000
250.0,950.0, 15.000000, 0.732000, 1.000000
250.0,983.0, 15.000000, 0.732000, 1.000000
283.0,16.0, 15.000000, 0.732000, 1.000000
283.0,50.0, 15.000000, 0.732000, 1.000000
283.0,83.0, 15.000000, 0.732000, 1.000000
283.0,116.0, 15.000000, 0.732000, 1.000000
283.0,150.0, 15.000000, 0.732000, 1.000000
283.0,183.0, 15.000000, 0.732000, 1.000000
283.0,216.0, 15.000000, 0.732000, 1.000000
283.0,250.0, 15.000000, 0.732000, 1.000000
283.0,283.0, 15.000000, 0.732000, 1.000000
283.0,316.0, 15.000000, 0.732000, 1.000000
283.0,350.0, 15.000000, 0.732000, 1.000000
283.0,383.0, 15.000000, 0.732000, 1.000000
283.0,416.0, 15.000000, 0.732000, 1.000000
283.0,450.0, 15.000000, 0.732000, 1.000000
283.0,483.0, 15.000000, 0.732000, 1.000000
283.0,516.0, 15.000000, 0.732000, 1.000000
283.0,550.0, 15.000000, 0.732000, 1.000000
283.0,583.0, 15.000000, 0.732000, 1.000000
283.0,616.0, 15.000000, 0.732000, 1.000000
283.0,650.0, 15.000000, 0.732000, 1.000000
283.0,683.0, 15.000000, 0.732000, 1.000000
283.0,716.0, 15.000000, 0.732000, 1.000000
283.0,750.0, 15.000000, 0.732000, 1.000000
283.0,783.0, 15.000000, 0.732000, 1.000000
283.0,816.0, 15.000000, 0.732000, 1.000000
283.0,850.0, 15.000000, 0.732000, 1.000000
283.0,883.0, 15.000000, 0.732000, 1.000000
283.0,916.0, 15.000000, 0.732000, 1.000000
283.0,950.0, 15.000000, 0.732000, 1.000000
283.0,983.0, 15.000000, 0.732000, 1.000000
316.0,16.0, 15.000000, 0.732000, 1.000000
316.0,50.0, 15.000000, 0.732000, 1.000000
316.0,83.0, 15.000000, 0.732000, 1.000000
316.0,116.0, 15.000000, 0.732000, 1.000000
316.0,150.0, 15.000000, 0.732000, 1.000000
316.0,183.0, 15.000000, 0.732000, 1.000000
316.0,216.0, 15.000000, 0.732000, 1.000000
316.0,250.0, 15.000000, 0.732000, 1.000000
316.0,283.0, 15.000000, 0.732000, 1.000000
316.0,316.0, 15.000000, 0.732000, 1.000000
316.0,350.0, 15.000000, 0.732000, 1.000000
316.0,383.0, 15.000000, 0.732000, 1.000000
316.0,416.0, 15.000000, 0.732000, 1.000000
316.0,450.0, 15.000000, 0.732000, 1.000000
316.0,483.0, 15.000000, 0.732000, 1.000000
316.0,516.0, 15.000000, 0.732000, 1.000000
316.0,550.0, 15.000000, 0.732000, 1.000000
316.0,583.0, 15.000000, 0.732000, 1.000000
316.0,616.0, 15.000000, 0.732000, 1.000000
316.0,650.0, 15.000000, 0.732000, 1.000000
316.0,683.0, 15.000000, 0.732000, 1.000000
316.0,716.0, 15.000000, 0.732000, 1.000000
316.0,750.0, 15.000000, 0.732000, 1.000000
316.0,783.0, 15.000000, 0.732000, 1.000000
316.0,816.0, 15.000000, 0.732000, 1.000000
316.0,850.0, 15.000000, 0.732000, 1.000000
316.0,883.0, 15.000000, 0.732000, 1.000000
316.0,916.0, 15.000000, 0.732000, 1.000000
316.0,950.0, 15.000000, 0.732000, 1.000000
316.0,983.0, 15.000000, 0.732000, 1.000000
350.0,16.0, 15.000000, 0.732000, 1.000000
350.0,50.0, 15.000000, 0.732000, 1.000000
350.0,83.0, 15.000000, 0.732000, 1.000000
350.0,116.0, 15.000000, 0.732000, 1.000000
350.0,150.0, 15.000000, 0.732000, 1.000000
350.0,183.0, 15.000000, 0.732000, 1.000000
350.0,216.0, 15.000000, 0.732000, 1.000000
350.0,250.0, 15.000000, 0.732000, 1.000000
350.0,283.0, 15.000000, 0.732000, 1.000000
350.0,316.0, 15.000000, 0.732000, 1.000000
350.0,350.0, 15.000000, 0.732000, 1.000000
350.0,383.0, 15.000000, 0.732000, 1.000000
350.0,416.0, 15.000000, 0.732000, 1.000000
350.0,450.0, 15.000000, 0.732000, 1.000000
350.0,483.0, 15.000000, 0.732000, 1.000000
350.0,516.0, 15.000000, 0.732000, 1.000000
350.0,550.0, 15.000000, 0.732000, 1.000000
350.0,583.0, 15.000000, 0.732000, 1.000000
350.0,616.0, 15.000000, 0.732000, 1.000000
350.0,650.0, 15.000000, 0.732000, 1.000000
350.0,683.0, 15.000000, 0.732000, 1.000000
350.0,716.0, 15.000000, 0.732000, 1.000000
350.0,750.0, 15.000000, 0.732000, 1.000000
350.0,783.0, 15.000000, 0.732000, 1.000000
350.0,816.0, 15.000000, 0.732000, 1.000000
350.0,850.0, 15.000000, 0.732000, 1.000000
350.0,883.0, 15.000000, 0.732000, 1.000000
350.0,916.0, 15.000000, 0.732000, 1.000000
350.0,950.0, 15.000000, 0.732000, 1.000000
350.0,983.0, 15.000000, 0.732000, 1.000000
383.0,16.0, 15.000000, 0.732000, 1.000000
383.0,50.0, 15.000000, 0.732000, 1.000000
383.0,83.0, 15.000000, 0.732000, 1.000000
383.0,116.0, 15.000000, 0.732000, 1.000000
383.0,150.0, 15.000000, 0.732000, 1.000000
383.0,183.0, 15.000000, 0.732000, 1.000000
383.0,216.0, 15.000000, 0.732000, 1.000000
383.0,250.0, 15.000000, 0.732000, 1.000000
383.0,283.0, 15.000000, 0.732000, 1.000000
383.0,316.0, 15.000000, 0.732000, 1.000000
383.0,350.0, 15.000000, 0.732000, 1.000000
383.0,383.0, 15.000000, 0.732000, 1.000000
383.0,416.0, 15.000000, 0.732000, 1.000000
383.0,450.0, 15.000000, 0.732000, 1.000000
383.0,483.0, 15.000000, 0.732000, 1.000000
383.0,516.0, 15.000000, 0.732000, 1.000000
383.0,550.0, 15.000000, 0.732000, 1.000000
383.0,583.0, 15.000000, 0.732000, 1.000000
383.0,616.0, 15.000000, 0.732000, 1.000000
383.0,650.0, 15.000000, 0.732000, 1.000000
383.0,683.0, 15.000000, 0.732000, 1.000000
383.0,716.0, 15.000000, 0.732000, 1.000000
383.0,750.0, 15.000000, 0.732000, 1.000000
383.0,783.0, 15.000000, 0.732000, 1.000000
383.0,816.0, 15.000000, 0.732000, 1.000000
383.0,850.0, 15.000000, 0.732000, 1.000000
383.0,883.0, 15.000000, 0.732000, 1.000000
383.0,916.0, 15.000000, 0.732000, 1.000000
383.0,950.0, 15.000000, 0.732000, 1.000000
383.0,983.0, 15.000000, 0.732000, 1.000000
416.0,16.0, 15.000000, 0.732000, 1.000000
416.0,50.0, 15.000000, 0.732000, 1.000000
416.0,83.0, 15.000000, 0.732000, 1.000000
416.0,116.0, 15.000000, 0.732000, 1.000000
416.0,150.0, 15.000000, 0.732000, 1.000000
416.0,183.0, 15.000000, 0.732000, 1.000000
416.0,216.0, 15.000000, 0.732000, 1.000000
416.0,250.0, 15.000000, 0.732000, 1.000000
416.0,283.0, 15.000000, 0.732000, 1.000000
416.0,316.0, 15.000000, 0.732000, 1.000000
416.0,350.0, 15.000000, 0.732000, 1.000000
416.0,383.0, 15.000000, 0.732000, 1.000000
416.0,416.0, 15.000000, 0.732000, 1.000000
416.0,450.0, 15.000000, 0.732000, 1.000000
416.0,483.0, 15.000000, 0.732000, 1.000000
416.0,516.0, 15.000000, 0.732000, 1.000000
416.0,550.0, 15.000000, 0.732000, 1.000000
416.0,583.0, 15.000000, 0.732000, 1.000000
416.0,616.0, 15.000000, 0.732000, 1.000000
416.0,650.0, 15.000000, 0.732000, 1.000000
416.0,683.0, 15.000000, 0.732000, 1.000000
416.0,716.0, 15.000000, 0.732000, 1.000000
416.0,750.0, 15.000000, 0.732000, 1.000000
416.0,783.0, 15.000000, 0.732000, 1.000000
416.0,816.0, 15.000000, 0.732000, 1.000000
416.0,850.0, 15.000000, 0.732000, 1.000000
416.0,883.0, 15.000000, 0.732000, 1.000000
416.0,916.0, 15.000000, 0.732000, 1.000000
416.0,950.0, 15.000000, 0.732000, 1.000000
416.0,983.0, 15.000000, 0.732000, 1.000000
450.0,16.0, 15.000000, 0.732000, 1.000000
450.0,50.0, 15.000000, 0.732000, 1.000000
450.0,83.0, 15.000000, 0.732000, 1.000000
450.0,116.0, 15.000000, 0.732000, 1.000000
450.0,150.0, 15.000000, 0.732000, 1.000000
450.0,183.0, 15.000000, 0.732000, 1.000000
450.0,216.0, 15.000000, 0.732000, 1.000000
450.0,250.0, 15.000000, 0.732000, 1.000000
450.0,283.0, 15.000000, 0.732000, 1.000000
450.0,316.0, 15.000000, 0.732000, 1.000000
450.0,350.0, 15.000000, 0.732000, 1.000000
450.0,383.0, 15.000000, 0.732000, 1.000000
450.0,416.0, 15.000000, 0.732000, 1.000000
450.0,450.0, 15.000000, 0.732000, 1.000000
450.0,483.0, 15.000000, 0.732000, 1.000000
450.0,516.0, 15.000000, 0.732000, 1.000000
450.0,550.0, 15.000000, 0.732000, 1.000000
450.0,583.0, 15.000000, 0.732000, 1.000000
450.0,616.0, 15.000000, 0.732000, 1.000000
450.0,650.0, 15.000000, 0.732000, 1.000000
450.0,683.0, 15.000000, 0.732000, 1.000000
450.0,716.0, 15.000000, 0.732000, 1.000000
450.0,750.0, 15.000000, 0.732000, 1.000000
450.0,783.0, 15.000000, 0.732000, 1.000000
450.0,816.0, 15.000000, 0.732000, 1.000000
450.0,850.0, 15.000000, 0.732000, 1.000000
450.0,883.0, 15.000000, 0.732000, 1.000000
450.0,916.0, 15.000000, 0.732000, 1.000000
450.0,950.0, 15.000000, 0.732000, 1.000000
450.0,983.0, 15.000000, 0.732000, 1.000000
483.0,16.0, 15.000000, 0.732000, 1.000000
483.0,50.0, 15.000000, 0.732000, 1.000000
483.0,83.0, 15.000000, 0.732000, 1.000000
483.0,116.0, 15.000000, 0.732000, 1.000000
483.0,150.0, 15.000000, 0.732000, 1.000000
483.0,183.0, 15.000000, 0.732000, 1.000000
483.0,216.0, 15.000000, 0.732000, 1.000000
483.0,250.0, 15.000000, 0.732000, 1.000000
483.0,283.0, 15.000000, 0.732000, 1.000000
483.0,316.0, 15.000000, 0.732000, 1.000000
483.0,350.0, 15.000000, 0.732000, 1.000000
483.0,383.0, 15.000000, 0.732000, 1.000000
483.0,416.0, 15.000000, 0.732000, 1.000000
483.0,450.0, 15.000000, 0.732000, 1.000000
483.0,483.0, 15.000000, 0.732000, 1.000000
483.0,516.0, 15.000000, 0.732000, 1.000000
483.0,550.0, 15.000000, 0.732000, 1.000000
483.0,583.0, 15.000000, 0.732000, 1.000000
483.0,616.0, 15.000000, 0.732000, 1.000000
483.0,650.0, 15.000000, 0.732000, 1.000000
483.0,683.0, 15.000000, 0.732000, 1.000000
483.0,716.0, 15.000000, 0.732000, 1.000000
483.0,750.0, 15.000000, 0.732000, 1.000000
483.0,783.0, 15.000000, 0.732000, 1.000000
483.0,816.0, 15.000000, 0.732000, 1.000000
483.0,850.0, 15.000000, 0.732000, 1.000000
483.0,883.0, 15.000000, 0.732000, 1.000000
483.0,916.0, 15.000000, 0.732000, 1.000000
483.0,950.0, 15.000000, 0.732000, 1.000000
483.0,983.0, 15.000000, 0.732000, 1.000000
516.0,16.0, 15.000000, 0.732000, 1.000000
516.0,50.0, 15.000000, 0.732000, 1.000000
516.0,83.0, 15.000000, 0.732000, 1.000000
516.0,116.0, 15.000000, 0.732000, 1.000000
516.0,150.0, 15.000000, 0.732000, 1.000000
516.0,183.0, 15.000000, 0.732000, 1.000000
516.0,216.0, 15.000000, 0.732000, 1.000000
516.0,250.0, 15.000000, 0.732000, 1.000000
516.0,283.0, 15.000000, 0.732000, 1.000000
516.0,316.0, 15.000000, 0.732000, 1.000000
516.0,350.0, 15.000000, 0.732000, 1.000000
516.0,383.0, 15.000000, 0.732000, 1.000000
516.0,416.0, 15.000000, 0.732000, 1.000000
516.0,450.0, 15.000000, 0.732000, 1.000000
516.0,483.0, 15.000000, 0.732000, 1.000000
516.0,516.0, 15.000000, 0.732000, 1.000000
516.0,550.0, 15.000000, 0.732000, 1.000000
516.0,583.0, 15.000000, 0.732000, 1.000000
516.0,616.0, 15.000000, 0.732000, 1.000000
516.0,650.0, 15.000000, 0.732000, 1.000000
516.0,683.0, 15.000000, 0.732000, 1.000000
516.0,716.0, 15.000000, 0.732000, 1.000000
516.0,750.0, 15.000000, 0.732000, 1.000000
516.0,783.0, 15.000000, 0.732000, 1.000000
516.0,816.0, 15.000000, 0.732000, 1.000000
516.0,850.0, 15.000000, 0.732000, 1.000000
516.0,883.0, 15.000000, 0.732000, 1.000000
516.0,916.0, 15.000000, 0.732000, 1.000000
516.0,950.0, 15.000000, 0.732000, 1.000000
516.0,983.0, 15.000000, 0.732000, 1.000000
550.0,16.0, 15.000000, 0.732000, 1.000000
550.0,50.0, 15.000000, 0.732000, 1.000000
550.0,83.0, 15.000000, 0.732000, 1.000000
550.0,116.0, 15.000000, 0.732000, 1.000000
550.0,150.0, 15.000000, 0.732000, 1.000000
550.0,183.0, 15.000000, 0.732000, 1.000000
550.0,216.0, 15.000000, 0.732000, 1.000000
550.0,250.0, 15.000000, 0.732000, 1.000000
550.0,283.0, 15.000000, 0.732000, 1.000000
550.0,316.0, 15.000000, 0.732000, 1.000000
550.0,350.0, 15.000000, 0.732000, 1.000000
550.0,383.0, 15.000000, 0.732000, 1.000000
550.0,416.0, 15.000000, 0.732000, 1.000000
550.0,450.0, 15.000000, 0.732000, 1.000000
550.0,483.0, 15.000000, 0.732000, 1.000000
550.0,516.0, 15.000000, 0.732000, 1.000000
550.0,550.0, 15.000000, 0.732000, 1.000000
550.0,583.0, 15.000000, 0.732000, 1.000000
550.0,616.0, 15.000000, 0.732000, 1.000000
550.0,650.0, 15.000000, 0.732000, 1.000000
550.0,683.0, 15.000000, 0.732000, 1.000000
550.0,716.0, 15.000000, 0.732000, 1.000000
550.0,750.0, 15.000000, 0.732000, 1.000000
550.0,783.0, 15.000000, 0.732000, 1.000000
550.0,816.0, 15.000000, 0.732000, 1.000000
550.0,850.0, 15.000000, 0.732000, 1.000000
550.0,883.0, 15.000000, 0.732000, 1.000000
550.0,916.0, 15.000000, 0.732000, 1.000000
550.0,950.0, 15.000000, 0.732000, 1.000000
550.0,983.0, 15.000000, 0.732000, 1.000000
583.0,16.0, 15.000000, 0.732000, 1.000000
583.0,50.0, 15.000000, 0.732000, 1.000000
583.0,83.0, 15.000000, 0.732000, 1.000000
583.0,116.0, 15.000000, 0.732000, 1.000000
583.0,150.0, 15.000000, 0.732000, 1.000000
583.0,183.0, 15.000000, 0.732000, 1.000000
583.0,216.0, 15.000000, 0.732000, 1.000000
583.0,250.0, 15.000000, 0.732000, 1.000000
583.0,283.0, 15.000000, 0.732000, 1.000000
583.0,316.0, 15.000000, 0.732000, 1.000000
583.0,350.0, 15.000000, 0.732000, 1.000000
583.0,383.0, 15.000000, 0.732000, 1.000000
583.0,416.0, 15.000000, 0.732000, 1.000000
583.0,450.0, 15.000000, 0.732000, 1.000000
583.0,483.0, 15.000000, 0.732000, 1.000000
583.0,516.0, 15.000000, 0.732000, 1.000000
583.0,550.0, 15.000000, 0.732000, 1.000000
583.0,583.0, 15.000000, 0.732000, 1.000000
583.0,616.0, 15.000000, 0.732000, 1.000000
583.0,650.0, 15.000000, 0.732000, 1.000000
583.0,683.0, 15.000000, 0.732000, 1.000000
583.0,716.0, 15.000000, 0.732000, 1.000000
583.0,750.0, 15.000000, 0.732000, 1.000000
583.0,783.0, 15.000000, 0.732000, 1.000000
583.0,816.0, 15.000000, 0.732000, 1.000000
583.0,850.0, 15.000000, 0.732000, 1.000000
583.0,883.0, 15.000000, 0.732000, 1.000000
583.0,916.0, 15.000000, 0.732000, 1.000000
583.0,950.0, 15.000000, 0.732000, 1.000000
583.0,983.0, 15.000000, 0.732000, 1.000000
616.0,16.0, 15.000000, 0.732000, 1.000000
616.0,50.0, 15.000000, 0.732000, 1.000000
616.0,83.0, 15.000000, 0.732000, 1.000000
616.0,116.0, 15.000000, 0.732000, 1.000000
616.0,150.0, 15.000000, 0.732000, 1.000000
616.0,183.0, 15.000000, 0.732000, 1.000000
616.0,216.0, 15.000000, 0.732000, 1.000000
616.0,250.0, 15.000000, 0.732000, 1.000000
616.0,283.0, 15.000000, 0.732000, 1.000000
616.0,316.0, 15.000000, 0.732000, 1.000000
616.0,350.0, 15.000000, 0.732000, 1.000000
616.0,383.0, 15.000000, 0.732000, 1.000000
616.0,416.0, 15.000000, 0.732000, 1.000000
616.0,450.0, 15.000000, 0.732000, 1.000000
616.0,483.0, 15.000000, 0.732000, 1.000000
616.0,516.0, 15.000000, 0.732000, 1.000000
616.0,550.0, 15.000000, 0.732000, 1.000000
616.0,583.0, 15.000000, 0.732000, 1.000000
616.0,616.0, 15.000000, 0.732000, 1.000000
616.0,650.0, 15.000000, 0.732000, 1.000000
616.0,683.0, 15.000000, 0.732000, 1.000000
616.0,716.0, 15.000000, 0.732000, 1.000000
616.0,750.0, 15.000000, 0.732000, 1.000000
616.0,783.0, 15.000000, 0.732000, 1.000000
616.0,816.0, 15.000000, 0.732000, 1.000000
616.0,850.0, 15.000000, 0.732000, 1.000000
616.0,883.0, 15.000000, 0.732000, 1.000000
616.0,916.0, 15.000000, 0.732000, 1.000000
616.0,950.0, 15.000000, 0.732000, 1.000000
616.0,983.0, 15.000000, 0.732000, 1.000000
650.0,16.0, 15.000000, 0.732000, 1.000000
650.0,50.0, 15.000000, 0.732000, 1.000000
650.0,83.0, 15.000000, 0.732000, 1.000000
650.0,116.0, 15.000000, 0.732000, 1.000000
650.0,150.0, 15.000000, 0.732000, 1.000000
650.0,183.0, 15.000000, 0.732000, 1.000000
650.0,216.0, 15.000000, 0.732000, 1.000000
650.0,250.0, 15.000000, 0.732000, 1.000000
650.0,283.0, 15.000000, 0.732000, 1.000000
650.0,316.0, 15.000000, 0.732000, 1.000000
650.0,350.0, 15.000000, 0.732000, 1.000000
650.0,383.0, 15.000000, 0.732000, 1.000000
650.0,416.0, 15.000000, 0.732000, 1.000000
650.0,450.0, 15.000000, 0.732000, 1.000000
650.0,483.0, 15.000000, 0.732000, 1.000000
650.0,516.0, 15.000000, 0.732000, 1.000000
650.0,550.0, 15.000000, 0.732000, 1.000000
650.0,583.0, 15.000000, 0.732000, 1.000000
650.0,616.0, 15.000000, 0.732000, 1.000000
650.0,650.0, 15.000000, 0.732000, 1.000000
650.0,683.0, 15.000000, 0.732000, 1.000000
650.0,716.0, 15.000000, 0.732000, 1.000000
650.0,750.0, 15.000000, 0.732000, 1.000000
650.0,783.0, 15.000000, 0.732000, 1.000000
650.0,816.0, 15.000000, 0.732000, 1.000000
650.0,850.0, 15.000000, 0.732000, 1.000000
650.0,883.0, 15.000000, 0.732000, 1.000000
650.0,916.0, 15.000000, 0.732000, 1.000000
650.0,950.0, 15.000000, 0.732000, 1.000000
650.0,983.0, 15.000000, 0.732000, 1.000000
683.0,16.0, 15.000000, 0.732000, 1.000000
683.0,50.0, 15.000000, 0.732000, 1.000000
683.0,83.0, 15.000000, 0.732000, 1.000000
683.0,116.0, 15.000000, 0.732000, 1.000000
683.0,150.0, 15.000000, 0.732000, 1.000000
683.0,183.0, 15.000000, 0.732000, 1.000000
683.0,216.0, 15.000000, 0.732000, 1.000000
683.0,250.0, 15.000000, 0.732000, 1.000000
683.0,283.0, 15.000000, 0.732000, 1.000000
683.0,316.0, 15.000000, 0.732000, 1.000000
683.0,350.0, 15.000000, 0.732000, 1.000000
683.0,383.0, 15.000000, 0.732000, 1.000000
683.0,416.0, 15.000000, 0.732000, 1.000000
683.0,450.0, 15.000000, 0.732000, 1.000000
683.0,483.0, 15.000000, 0.732000, 1.000000
683.0,516.0, 15.000000, 0.732000, 1.000000
683.0,550.0, 15.000000, 0.732000, 1.000000
683.0,583.0, 15.000000, 0.732000, 1.000000
683.0,616.0, 15.000000, 0.732000, 1.000000
683.0,650.0, 15.000000, 0.732000, 1.000000
683.0,683.0, 15.000000, 0.732000, 1.000000
683.0,716.0, 15.000000, 0.732000, 1.000000
683.0,750.0, 15.000000, 0.732000, 1.000000
683.0,783.0, 15.000000, 0.732000, 1.000000
683.0,816.0, 15.000000, 0.732000, 1.000000
683.0,850.0, 15.000000, 0.732000, 1.000000
683.0,883.0, 15.000000, 0.732000, 1.000000
683.0,916.0, 15.000000, 0.732000, 1.000000
683.0,950.0, 15.000000, 0.732000, 1.000000
683.0,983.0, 15.000000, 0.732000, 1.000000
716.0,16.0, 15.000000, 0.732000, 1.000000
716.0,50.0, 15.000000, 0.732000, 1.000000
716.0,83.0, 15.000000, 0.732000, 1.000000
716.0,116.0, 15.000000, 0.732000, 1.000000
716.0,150.0, 15.000000, 0.732000, 1.000000
716.0,183.0, 15.000000, 0.732000, 1.000000
716.0,216.0, 15.000000, 0.732000, 1.000000
716.0,250.0, 15.000000, 0.732000, 1.000000
716.0,283.0, 15.000000, 0.732000, 1.000000
716.0,316.0, 15.000000, 0.732000, 1.000000
716.0,350.0, 15.000000, 0.732000, 1.000000
716.0,383.0, 15.000000, 0.732000, 1.000000
716.0,416.0, 15.000000, 0.732000, 1.000000
716.0,450.0, 15.000000, 0.732000, 1.000000
716.0,483.0, 15.000000, 0.732000, 1.000000
716.0,516.0, 15.000000, 0.732000, 1.000000
716.0,550.0, 15.000000, 0.732000, 1.000000
716.0,583.0, 15.000000, 0.732000, 1.000000
716.0,616.0, 15.000000, 0.732000, 1.000000
716.0,650.0, 15.000000, 0.732000, 1.000000
716.0,683.0, 15.000000, 0.732000, 1.000000
716.0,716.0, 15.000000, 0.732000, 1.000000
716.0,750.0, 15.000000, 0.732000, 1.000000
716.0,783.0, 15.000000, 0.732000, 1.000000
716.0,816.0, 15.000000, 0.732000, 1.000000
716.0,850.0, 15.000000, 0.732000, 1.000000
716.0,883.0, 15.000000, 0.732000, 1.000000
716.0,916.0, 15.000000, 0.732000, 1.000000
716.0,950.0, 15.000000, 0.732000, 1.000000
716.0,983.0, 15.000000, 0.732000, 1.000000
750.0,16.0, 15.000000, 0.732000, 1.000000
750.0,50.0, 15.000000, 0.732000, 1.000000
750.0,83.0, 15.000000, 0.732000, 1.000000
750.0,116.0, 15.000000, 0.732000, 1.000000
750.0,150.0, 15.000000, 0.732000, 1.000000
750.0,183.0, 15.000000, 0.732000, 1.000000
750.0,216.0, 15.000000, 0.732000, 1.000000
750.0,250.0, 15.000000, 0.732000, 1.000000
750.0,283.0, 15.000000, 0.732000, 1.000000
750.0,316.0, 15.000000, 0.732000, 1.000000
750.0,350.0, 15.000000, 0.732000, 1.000000
750.0,383.0, 15.000000, 0.732000, 1.000000
750.0,416.0, 15.000000, 0.732000, 1.000000
750.0,450.0, 15.000000, 0.732000, 1.000000
750.0,483.0, 15.000000, 0.732000, 1.000000
750.0,516.0, 15.000000, 0.732000, 1.000000
750.0,550.0, 15.000000, 0.732000, 1.000000
750.0,583.0, 15.000000, 0.732000, 1.000000
750.0,616.0, 15.000000, 0.732000, 1.000000
750.0,650.0, 15.000000, 0.732000, 1.000000
750.0,683.0, 15.000000, 0.732000, 1.000000
750.0,716.0, 15.000000, 0.732000, 1.000000
750.0,750.0, 15.000000, 0.732000, 1.000000
750.0,783.0, 15.000000, 0.732000, 1.000000
750.0,816.0, 15.000000, 0.732000, 1.000000
750.0,850.0, 15.000000, 0.732000, 1.000000
750.0,883.0, 15.000000, 0.732000, 1.000000
750.0,916.0, 15.000000, 0.732000, 1.000000
750.0,950.0, 15.000000, 0.732000, 1.000000
750.0,983.0, 15.000000, 0.732000, 1.000000
783.0,16.0, 15.000000, 0.732000, 1.000000
783.0,50.0, 15.000000, 0.732000, 1.000000
783.0,83.0, 15.000000, 0.732000, 1.000000
783.0,116.0, 15.000000, 0.732000, 1.000000
783.0,150.0, 15.000000, 0.732000, 1.000000
783.0,183.0, 15.000000, 0.732000, 1.000000
783.0,216.0, 15.000000, 0.732000, 1.000000
783.0,250.0, 15.000000, 0.732000, 1.000000
783.0,283.0, 15.000000, 0.732000, 1.000000
783.0,316.0, 15.000000, 0.732000, 1.000000
783.0,350.0, 15.000000, 0.732000, 1.000000
783.0,383.0, 15.000000, 0.732000, 1.000000
783.0,416.0, 15.000000, 0.732000, 1.000000
783.0,450.0, 15.000000, 0.732000, 1.000000
783.0,483.0, 15.000000, 0.732000, 1.000000
783.0,516.0, 15.000000, 0.732000, 1.000000
783.0,550.0, 15.000000, 0.732000, 1.000000
783.0,583.0, 15.000000, 0.732000, 1.000000
783.0,616.0, 15.000000, 0.732000, 1.000000
783.0,650.0, 15.000000, 0.732000, 1.000000
783.0,683.0, 15.000000, 0.732000, 1.000000
783.0,716.0, 15.000000, 0.732000, 1.000000
783.0,750.0, 15.000000, 0.732000, 1.000000
783.0,783.0, 15.000000, 0.732000, 1.000000
783.0,816.0, 15.000000, 0.732000, 1.000000
783.0,850.0, 15.000000, 0.732000, 1.000000
783.0,883.0, 15.000000, 0.732000, 1.000000
783.0,916.0, 15.000000, 0.732000, 1.000000
783.0,950.0, 15.000000, 0.732000, 1.000000
783.0,983.0, 15.000000, 0.732000, 1.000000
816.0,16.0, 15.000000, 0.732000, 1.000000
816.0,50.0, 15.000000, 0.732000, 1.000000
816.0,83.0, 15.000000, 0.732000, 1.000000
816.0,116.0, 15.000000, 0.732000, 1.000000
816.0,150.0, 15.000000, 0.732000, 1.000000
816.0,183.0, 15.000000, 0.732000, 1.000000
816.0,216.0, 15.000000, 0.732000, 1.000000
816.0,250.0, 15.000000, 0.732000, 1.000000
816.0,283.0, 15.000000, 0.732000, 1.000000
816.0,316.0, 15.000000, 0.732000, 1.000000
816.0,350.0, 15.000000, 0.732000, 1.000000
816.0,383.0, 15.000000, 0.732000, 1.000000
816.0,416.0, 15.000000, 0.732000, 1.000000
816.0,450.0, 15.000000, 0.732000, 1.000000
816.0,483.0, 15.000000, 0.732000, 1.000000
816.0,516.0, 15.000000, 0.732000, 1.000000
816.0,550.0, 15.000000, 0.732000, 1.000000
816.0,583.0, 15.000000, 0.732000, 1.000000
816.0,616.0, 15.000000, 0.732000, 1.000000
816.0,650.0, 15.000000, 0.732000, 1.000000
816.0,683.0, 15.000000, 0.732000, 1.000000
816.0,716.0, 15.000000, 0.732000, 1.000000
816.0,750.0, 15.000000, 0.732000, 1.000000
816.0,783.0, 15.000000, 0.732000, 1.000000
816.0,816.0, 15.000000, 0.732000, 1.000000
816.0,850.0, 15.000000, 0.732000, 1.000000
816.0,883.0, 15.000000, 0.732000, 1.000000
816.0,916.0, 15.000000, 0.732000, 1.000000
816.0,950.0, 15.000000, 0.732000, 1.000000
816.0,983.0, 15.000000, 0.732000, 1.000000
850.0,16.0, 15.000000, 0.732000, 1.000000
850.0,50.0, 15.000000, 0.732000, 1.000000
850.0,83.0, 15.000000, 0.732000, 1.000000
850.0,116.0, 15.000000, 0.732000, 1.000000
850.0,150.0, 15.000000, 0.732000, 1.000000
850.0,183.0, 15.000000, 0.732000, 1.000000
850.0,216.0, 15.000000, 0.732000, 1.000000
850.0,250.0, 15.000000, 0.732000, 1.000000
850.0,283.0, 15.000000, 0.732000, 1.000000
850.0,316.0, 15.000000, 0.732000, 1.000000
850.0,350.0, 15.000000, 0.732000, 1.000000
850.0,383.0, 15.000000, 0.732000, 1.000000
850.0,416.0, 15.000000, 0.732000, 1.000000
850.0,450.0, 15.000000, 0.732000, 1.000000
850.0,483.0, 15.000000, 0.732000, 1.000000
850.0,516.0, 15.000000, 0.732000, 1.000000
850.0,550.0, 15.000000, 0.732000, 1.000000
850.0,583.0, 15.000000, 0.732000, 1.000000
850.0,616.0, 15.000000, 0.732000, 1.000000
850.0,650.0, 15.000000, 0.732000, 1.000000
850.0,683.0, 15.000000, 0.732000, 1.000000
850.0,716.0, 15.000000, 0.732000, 1.000000
850.0,750.0, 15.000000, 0.732000, 1.000000
850.0,783.0, 15.000000, 0.732000, 1.000000
850.0,816.0, 15.000000, 0.732000, 1.000000
850.0,850.0, 15.000000, 0.732000, 1.000000
850.0,883.0, 15.000000, 0.732000, 1.000000
850.0,916.0, 15.000000, 0.732000, 1.000000
850.0,950.0, 15.000000, 0.732000, 1.000000
850.0,983.0, 15.000000, 0.732000, 1.000000
883.0,16.0, 15.000000, 0.732000, 1.000000
883.0,50.0, 15.000000, 0.732000, 1.000000
883.0,83.0, 15.000000, 0.732000, 1.000000
883.0,116.0, 15.000000, 0.732000, 1.000000
883.0,150.0, 15.000000, 0.732000, 1.000000
883.0,183.0, 15.000000, 0.732000, 1.000000
883.0,216.0, 15.000000, 0.732000, 1.000000
883.0,250.0, 15.000000, 0.732000, 1.000000
883.0,283.0, 15.000000, 0.732000, 1.000000
883.0,316.0, 15.000000, 0.732000, 1.000000
883.0,350.0, 15.000000, 0.732000, 1.000000
883.0,383.0, 15.000000, 0.732000, 1.000000
883.0,416.0, 15.000000, 0.732000, 1.000000
883.0,450.0, 15.000000, 0.732000, 1.000000
883.0,483.0, 15.000000, 0.732000, 1.000000
883.0,516.0, 15.000000, 0.732000, 1.000000
883.0,550.0, 15.000000, 0.732000, 1.000000
883.0,583.0, 15.000000, 0.732000, 1.000000
883.0,616.0, 15.000000, 0.732000, 1.000000
883.0,650.0, 15.000000, 0.732000, 1.000000
883.0,683.0, 15.000000, 0.732000, 1.000000
883.0,716.0, 15.000000, 0.732000, 1.000000
883.0,750.0, 15.000000, 0.732000, 1.000000
883.0,783.0, 15.000000, 0.732000, 1.000000
883.0,816.0, 15.000000, 0.732000, 1.000000
883.0,850.0, 15.000000, 0.732000, 1.000000
883.0,883.0, 15.000000, 0.732000, 1.000000
883.0,916.0, 15.000000, 0.732000, 1.000000
883.0,950.0, 15.000000, 0.732000, 1.000000
883.0,983.0, 15.000000, 0.732000, 1.000000
916.0,16.0, 15.000000, 0.732000, 1.000000
916.0,50.0, 15.000000, 0.732000, 1.000000
916.0,83.0, 15.000000, 0.732000, 1.000000
916.0,116.0, 15.000000, 0.732000, 1.000000
916.0,150.0, 15.000000, 0.732000, 1.000000
916.0,183.0, 15.000000, 0.732000, 1.000000
916.0,216.0, 15.000000, 0.732000, 1.000000
916.0,250.0, 15.000000, 0.732000, 1.000000
916.0,283.0, 15.000000, 0.732000, 1.000000
916.0,316.0, 15.000000, 0.732000, 1.000000
916.0,350.0, 15.000000, 0.732000, 1.000000
916.0,383.0, 15.000000, 0.732000, 1.000000
916.0,416.0, 15.000000, 0.732000, 1.000000
916.0,450.0, 15.000000, 0.732000, 1.000000
916.0,483.0, 15.000000, 0.732000, 1.000000
916.0,516.0, 15.000000, 0.732000, 1.000000
916.0,550.0, 15.000000, 0.732000, 1.000000
916.0,583.0, 15.000000, 0.732000, 1.000000
916.0,616.0, 15.000000, 0.732000, 1.000000
916.0,650.0, 15.000000, 0.732000, 1.000000
916.0,683.0, 15.000000, 0.732000, 1.000000
916.0,716.0, 15.000000, 0.732000, 1.000000
916.0,750.0, 15.000000, 0.732000, 1.000000
916.0,783.0, 15.000000, 0.732000, 1.000000
916.0,816.0, 15.000000, 0.732000, 1.000000
916.0,850.0, 15.000000, 0.732000, 1.000000
916.0,883.0, 15.000000, 0.732000, 1.000000
916.0,916.0, 15.000000, 0.732000, 1.000000
916.0,950.0, 15.000000, 0.732000, 1.000000
916.0,983.0, 15.000000, 0.732000, 1.000000
950.0,16.0, 15.000000, 0.732000, 1.000000
950.0,50.0, 15.000000, 0.732000, 1.000000
950.0,83.0, 15.000000, 0.732000, 1.000000
950.0,116.0, 15.000000, 0.732000, 1.000000
950.0,150.0, 15.000000, 0.732000, 1.000000
950.0,183.0, 15.000000, 0.732000, 1.000000
950.0,216.0, 15.000000, 0.732000, 1.000000
950.0,250.0, 15.000000, 0.732000, 1.000000
950.0,283.0, 15.000000, 0.732000, 1.000000
950.0,316.0, 15.000000, 0.732000, 1.000000
950.0,350.0, 15.000000, 0.732000, 1.000000
950.0,383.0, 15.000000, 0.732000, 1.000000
950.0,416.0, 15.000000, 0.732000, 1.000000
950.0,450.0, 15.000000, 0.732000, 1.000000
950.0,483.0, 15.000000, 0.732000, 1.000000
950.0,516.0, 15.000000, 0.732000, 1.000000
950.0,550.0, 15.000000, 0.732000, 1.000000
950.0,583.0, 15.000000, 0.732000, 1.000000
950.0,616.0, 15.000000, 0.732000, 1.000000
950.0,650.0, 15.000000, 0.732000, 1.000000
950.0,683.0, 15.000000, 0.732000, 1.000000
950.0,716.0, 15.000000, 0.732000, 1.000000
950.0,750.0, 15.000000, 0.732000, 1.000000
950.0,783.0, 15.000000, 0.732000, 1.000000
950.0,816.0, 15.000000, 0.732000, 1.000000
950.0,850.0, 15.000000, 0.732000, 1.000000
950.0,883.0, 15.000000, 0.732000, 1.000000
950.0,916.0, 15.000000, 0.732000, 1.000000
950.0,950.0, 15.000000, 0.732000, 1.000000
950.0,983.0, 15.000000, 0.732000, 1.000000
983.0,16.0, 15.000000, 0.732000, 1.000000
983.0,50.0, 15.000000, 0.732000, 1.000000
983.0,83.0, 15.000000, 0.732000, 1.000000
983.0,116.0, 15.000000, 0.732000, 1.000000
983.0,150.0, 15.000000, 0.732000, 1.000000
983.0,183.0, 15.000000, 0.732000, 1.000000
983.0,216.0, 15.000000, 0.732000, 1.000000
983.0,250.0, 15.000000, 0.732000, 1.000000
983.0,283.0, 15.000000, 0.732000, 1.000000
983.0,316.0, 15.000000, 0.732000, 1.000000
983.0,350.0, 15.000000, 0.732000, 1.000000
983.0,383.0, 15.000000, 0.732000, 1.000000
983.0,416.0, 15.000000, 0.732000, 1.000000
983.0,450.0, 15.000000, 0.732000, 1.000000
983.0,483.0, 15.000000, 0.732000, 1.000000
983.0,516.0, 15.000000, 0.732000, 1.000000
983.0,550.0, 15.000000, 0.732000, 1.000000
983.0,583.0, 15.000000, 0.732000, 1.000000
983.0,616.0, 15.000000, 0.732000, 1.000000
983.0,650.0, 15.000000, 0.732000, 1.000000
983.0,683.0, 15.000000, 0.732000, 1.000000
983.0,716.0, 15.000000, 0.732000, 1.000000
983.0,750.0, 15.000000, 0.732000, 1.000000
983.0,783.0, 15.000000, 0.732000, 1.000000
983.0,816.0, 15.000000, 0.732000, 1.000000
983.0,850.0, 15.000000, 0.732000, 1.000000
983.0,883.0, 15.000000, 0.732000, 1.000000
983.0,916.0, 15.000000, 0.732000, 1.000000
983.0,950.0, 15.000000, 0.732000, 1.000000
983.0,983.0, 15.000000, 0.732000, 1.000000
